1 2 90
2 3 189
3 4 42
4 5 175
5 6 42
6 7 154
7 8 231
8 9 158
9 10 270
10 11 154
11 12 121
12 13 47
13 14 180
14 15 198
15 16 186
16 17 204
2 18 207
18 19 63
19 20 72
20 21 180
21 22 117
22 23 144
23 24 90
24 25 90
25 26 261
26 27 161
27 28 112
28 29 56
29 30 57
30 31 154
31 32 77
32 7 144
19 33 171
33 34 153
34 35 117
35 31 182
21 36 117
37 27 369
36 37 36
37 24 189
3 38 108
38 39 189
39 40 126
40 41 90
41 42 63
7 43 91
43 44 98
44 45 217
45 46 112
45 47 84
47 48 98
48 49 256
49 50 209
50 51 55
51 52 165
52 53 115
53 54 120
54 55 94
55 11 171
11 56 187
56 57 228
57 58 204
58 28 190
59 60 167
60 30 217
8 60 245
60 58 252
9 59 198
59 57 278
43 61 126
61 62 140
62 63 85
63 64 138
64 65 99
65 66 94
46 61 224
47 62 252
62 8 133
63 67 39
67 68 44
68 69 85
64 70 39
70 71 116
65 72 50
72 73 66
49 66 457
66 10 105
54 74 130
74 75 35
75 76 160
76 77 85
77 78 120
78 79 170
54 80 94
81 12 116
81 82 245
82 83 372
83 84 122
84 85 192
85 86 289
85 17 192
84 16 216
83 87 321
82 76 187
82 14 249
14 88 162
88 89 192
89 90 222
15 88 90
16 89 102