1 2 5
1 4 20
2 5 18
2 3 5
3 5 17
3 4 17
5 6 15
6 7 8
6 8 19
7 9 15
9 10 7
10 11 7
11 12 5
12 13 8
12 14 12
46 47 5
47 48 3
48 50 3
50 51 3
45 49 3
49 51 17
50 51 3
42 43 3
43 46 3
46 47 3
47 48 3
48 50 3
45 46 10
45 47 10
49 47 10
49 48 10
49 50 11
51 53 23
53 54 3
51 52 6
34 71 15
71 73 29
71 72 28
72 73 10
73 74 8
72 74 9
74 75 23
75 78 16
75 79 17
78 80 9
12 15 11
13 15 14
13 19 9
19 20 9
14 15 5
14 16 7
14 17 7
15 17 8
15 18 7
16 17 5
17 18 5
18 20 9
20 39 25
22 21 6
22 24 6
4 26 9
4 27 9
34 38 26
35 32 8
35 34 7
35 33 5
39 40 16
39 41 15
37 40 18
41 42 3
40 37 19
40 41 8
40 44 3
42 43 3
43 44 9
43 46 3
44 45 3
44 46 10
52 55 8
55 56 3
53 55 3
54 56 7
56 57 2
57 58 7
58 59 33
60 57 6
60 58 5
60 59 7
60 64 7
66 65 14
66 67 7
75 76 16
76 77 6
77 78 3
78 79 4
26 29 5
26 29 3
27 28 3
27 31 5
28 29 5
28 30 3
28 31 3
29 32 8
30 31 3
30 32 7
32 33 24
33 34 15
8 21 8
8 22 9
21 22 5
21 23 5
21 24 5
23 24 4
23 31 5
23 25 5
24 25 3
24 16 10
25 36 21
36 37 5
16 25 12
36 39 22
37 38 5
38 44 26
59 66 8
66 68 5
68 70 4
57 62 12
62 61 3
61 63 3
63 64 3
64 65 3
67 69 4
69 70 4
57 61 20
68 69 5
74 76 6
75 77 15
80 81 3
81 79 7
79 80 6