1 2 -2
2 6 -2
3 8 -2
4 8 -4
5 8 0
6 12 -2
7 16 -2
8 18 -4
9 20 -2
10 20 -4
11 22 -4
12 22 -6
13 24 -4
14 20 -8
15 22 -8
16 18 -10
17 20 -10
18 22 -10
19 24 -6
20 24 -10
21 14 -4
22 18 -6
23 12 -6
24 14 -8
25 12 -10
26 6 -6
27 8 -6
28 8 -8
29 6 -8
30 8 -10
31 10 -8
32 6 -12
33 2 -16
34 4 -18
35 6 -16
36 12 -14
37 12 -16
38 12 -18
39 24 -14
40 24 -16
41 26 -16
42 26 -18
43 26 -20
44 24 -18
45 24 -20
46 26 -22
47 26 -24
48 26 -26
49 24 -24
50 26 -28
51 24 -28
52 24 -30
53 20 -30
54 20 -32
55 24 -32
56 24 -34
57 24 -36
58 20 -34
59 20 -36
60 24 -38
61 28 -36
62 28 -34
63 28 -38
64 26 -38
65 24 -40
66 20 -38
67 24 -42
68 20 -40
69 22 -42
70 20 -42
71 4 -20
72 4 -22
73 2 -22
74 4 -24
75 4 -26
76 2 -24
77 2 -26
78 2 -28
79 2 -30
80 0 -28
81 0 -30