1 2 5
1 4 20
2 5 18
2 3 5
3 5 17
3 4 17
5 6 15
6 7 8
6 8 19
7 9 15
9 10 7
10 11 7
11 12 5
12 13 8
12 14 12
42 43 3
12 15 11
13 15 14
13 19 9
19 20 9
14 15 5
14 16 7
14 17 7
15 17 8
15 18 7
16 17 5
17 18 5
18 20 9
20 39 25
22 21 6
22 24 6
4 26 9
4 27 9
34 38 26
35 32 8
35 34 7
35 33 5
39 40 16
39 41 15
37 40 18
41 42 3
40 37 19
40 41 8
40 44 3
42 43 3
43 44 9
26 29 5
26 29 3
27 28 3
27 31 5
28 29 5
28 30 3
28 31 3
29 32 8
30 31 3
30 32 7
32 33 24
33 34 15
8 21 8
8 22 9
21 22 5
21 23 5
21 24 5
23 24 4
23 31 5
23 25 5
24 25 3
24 16 10
25 36 21
36 37 5
16 25 12
36 39 22
37 38 5
38 44 26
9 11 9
7 21 10
8 10 4
25 31 5
19 15 7
26 27 3
27 28 5
29 30 5
35 37 20
35 36 22