0((1,11),(2,31),(4,40),(17,40))
1((0,11),(3,36),(10,46))
2((0,31),(12,28),(13,28),(14,7))
3((1,36),(20,12))
4((0,40),(5,28),(11,5),(16,34),(19,25),(21,1))
5((4,28),(6,37),(7,15),(23,22),(23,15))
6((5,37),(8,42),(9,45),(24,40),(10,29))
7((5,15))
8((6,42),(10,35),(13,11),(18,36),(12,27),(20,38),(27,15))
9((6,45),(16,50),(11,15))
10((8,35),(26,29),(27,28),(1,46),(6,29))
11((4,5),(15,21),(18,11),(9,15),(15,9))
12((2,28),(8,27))
13((8,11),(14,48),(17,4),(2,28))
14((13,48),(22,28),(2,7))
15((11,21),(23,24),(11,9))
16((4,34),(9,50),(27,22))
17((13,4),(0,40))
18((11,11),(8,36))
19((4,25),(21,5))
20((3,12),(8,38))
21((19,5),(4,1))
22((14,28))
23((5,22),(25,18),(24,26),(15,24),(5,15))
24((6,40),(23,26),(26,41))
25((23,18))
26((10,29),(24,41))
27((10,28),(8,15),(16,22))
