0((1,23),(18,29))
1((0,23),(2,40),(3,48),(6,27),(13,34),(11,24),(21,30))
2((1,40),(4,37),(5,40),(8,49),(10,46))
3((1,48),(7,46),(9,47),(11,36),(23,26))
4((2,37))
5((2,40),(23,24))
6((1,27),(23,26),(9,6))
7((3,46),(17,3))
8((2,49),(11,7),(14,12))
9((3,47),(12,20),(19,10),(6,6))
10((2,46),(15,18),(20,35),(14,11))
11((3,36),(1,24),(8,7))
12((9,20),(14,13))
13((1,34),(16,29))
14((12,13),(10,11),(18,5),(18,32),(8,12))
15((10,18),(22,49),(22,38))
16((13,29))
17((7,3),(21,20))
18((0,29),(20,1),(22,7),(14,5),(14,32))
19((9,10),(21,3))
20((18,1),(10,35))
21((17,20),(19,3),(1,30))
22((15,49),(18,7),(15,38))
23((3,26),(5,24),(6,26))
