0((1,29),(6,39),(9,48),(18,25),(20,35))
1((0,29),(2,20),(3,40),(4,43),(7,28),(16,49))
2((1,20),(11,44),(13,39),(22,28),(24,20))
3((1,40),(5,48),(10,9),(8,20))
4((1,43),(15,37),(23,49),(18,9))
5((3,48))
6((0,39))
7((1,28),(8,49))
8((7,49),(17,33),(10,2),(3,20))
9((0,48),(14,12),(25,11),(22,5))
10((3,9),(8,2))
11((2,44),(12,43),(25,47),(14,13))
12((11,43),(19,28),(20,38),(17,11))
13((2,39),(23,26),(17,46))
14((9,12),(11,13))
15((4,37))
16((1,49),(17,32),(21,12))
17((16,32),(8,33),(26,33),(12,11),(22,7),(13,46))
18((0,25),(25,10),(4,9),(25,16))
19((12,28))
20((12,38),(0,35),(22,49))
21((16,12))
22((2,28),(9,5),(20,49),(17,7))
23((4,49),(13,26))
24((2,20))
25((11,47),(18,10),(9,11),(18,16))
26((17,33))
