0((1,27),(2,14),(15,1))
1((0,27),(3,50),(4,21),(9,19),(17,37))
2((0,14),(11,28),(16,10),(19,37),(24,5),(41,1),(43,22),(43,46),(13,25),(34,30),(26,22))
3((1,50),(5,20),(30,6),(24,45),(40,21))
4((1,21),(7,19),(30,14))
5((3,20),(6,42))
6((5,42),(10,27))
7((4,19),(8,2),(20,46))
8((7,2),(13,5),(44,2),(23,44),(15,39))
9((1,19),(23,45),(25,33))
10((6,27),(12,7),(44,21))
11((2,28),(28,48),(35,13),(12,12))
12((10,7),(43,50),(11,12))
13((8,5),(14,25),(29,22),(2,25),(44,39))
14((13,25),(22,2),(26,39),(39,37))
15((0,1),(36,6),(8,39),(25,49))
16((2,10),(42,15),(37,44),(33,31))
17((1,37),(18,36),(35,26))
18((17,36),(32,32),(20,16))
19((2,37),(21,26),(34,3),(37,48),(40,14),(35,24))
20((7,46),(18,16),(42,6))
21((19,26),(31,28),(40,16))
22((14,2),(35,49),(31,12))
23((9,45),(38,43),(8,44),(42,36))
24((2,5),(3,45),(39,9),(33,25))
25((9,33),(33,40),(15,49))
26((14,39),(27,31),(29,3),(41,50),(2,22))
27((26,31))
28((11,48),(38,11))
29((13,22),(26,3))
30((3,6),(33,18),(4,14))
31((21,28),(44,13),(22,12))
32((18,32))
33((25,40),(30,18),(36,17),(16,31),(24,25))
34((19,3),(2,30))
35((22,49),(44,42),(11,13),(17,26),(19,24))
36((15,6),(33,17))
37((19,48),(16,44))
38((23,43),(28,11),(44,43))
39((14,37),(24,9))
40((21,16),(3,21),(19,14),(41,42))
41((2,1),(40,42),(26,50))
42((16,15),(20,6),(23,36))
43((2,22),(2,46),(12,50))
44((35,42),(8,2),(38,43),(31,13),(10,21),(13,39))
