0((1,34),(2,44),(7,30),(17,20),(27,1),(36,42),(39,39),(9,42))
1((0,34),(4,8),(9,7),(10,35),(11,23),(18,18),(2,4))
2((0,44),(3,46),(37,17),(1,4),(23,50))
3((2,46),(5,28),(13,22),(19,46),(17,25),(24,15))
4((1,8),(20,38))
5((3,28),(6,47),(8,19),(13,5),(6,25))
6((5,47),(21,15),(5,25),(32,12),(13,47))
7((0,30),(12,35))
8((5,19),(15,14),(24,30),(33,50))
9((1,7),(0,42))
10((1,35),(26,21),(40,34),(25,18))
11((1,23))
12((7,35),(14,36),(23,5),(32,35),(25,5),(17,24),(29,21))
13((3,22),(16,35),(5,5),(24,23),(6,47))
14((12,36),(40,7),(41,27),(32,45))
15((8,14),(24,32),(30,43),(16,42),(38,25))
16((13,35),(21,19),(22,29),(25,19),(15,42),(25,45))
17((0,20),(3,25),(12,24))
18((1,18),(33,37))
19((3,46))
20((4,38),(37,40))
21((16,19),(6,15))
22((16,29))
23((12,5),(38,2),(32,28),(2,50))
24((15,32),(26,6),(8,30),(42,2),(13,23),(3,15))
25((16,19),(28,19),(35,32),(12,5),(41,35),(16,45),(10,18))
26((24,6),(10,21))
27((0,1),(33,31),(29,23))
28((25,19),(29,12),(42,7))
29((28,12),(31,48),(27,23),(12,21))
30((15,43))
31((29,48),(34,47))
32((12,35),(35,40),(23,28),(6,12),(14,45),(41,4))
33((27,31),(18,37),(8,50))
34((31,47))
35((32,40),(25,32))
36((0,42))
37((20,40),(2,17))
38((23,2),(15,25))
39((0,39))
40((14,7),(10,34))
41((14,27),(25,35),(32,4))
42((24,2),(28,7))
