0((1,5),(6,21),(9,50),(26,14),(66,47),(30,22),(69,29),(64,4),(26,48))
1((0,5),(2,31),(4,31),(5,50),(11,4),(68,2))
2((1,31),(3,34),(7,28),(18,22),(19,32))
3((2,34),(20,43),(44,35),(36,22))
4((1,31),(14,39),(16,33),(36,3),(70,46),(61,6))
5((1,50))
6((0,21),(8,32))
7((2,28),(39,39),(76,47),(9,4))
8((6,32),(10,3),(13,19),(15,36),(17,35),(14,37))
9((0,50),(12,39),(27,3),(43,43),(47,12),(11,34),(7,4),(33,40))
10((8,3),(24,22),(28,16),(32,20),(46,48),(73,23))
11((1,4),(31,1),(41,32),(74,12),(9,34))
12((9,39),(45,34),(51,33),(51,17),(78,42),(53,14))
13((8,19),(38,10),(43,39),(55,32))
14((4,39),(48,23),(25,44),(38,13),(8,37))
15((8,36),(50,34),(31,26))
16((4,33),(23,42),(64,10))
17((8,35),(39,4),(51,19),(52,6))
18((2,22))
19((2,32),(22,19),(48,5),(22,14))
20((3,43),(21,25),(49,29),(44,5),(41,1),(62,50))
21((20,25),(25,43),(42,35),(71,26),(75,14),(22,1),(48,9))
22((19,19),(28,2),(21,1),(55,50),(19,14))
23((16,42),(35,35))
24((10,22),(67,4),(56,21))
25((21,43),(30,2),(74,45),(14,44))
26((0,14),(29,16),(60,19),(55,32),(39,32),(0,48))
27((9,3),(40,23),(72,1))
28((10,16),(22,2),(51,44))
29((26,16),(41,11))
30((25,2),(33,46),(34,24),(77,20),(0,22))
31((11,1),(15,26))
32((10,20),(64,40),(68,26),(59,1))
33((30,46),(44,47),(68,2),(9,40))
34((30,24),(75,24))
35((23,35),(45,1))
36((4,3),(37,34),(59,37),(61,34),(3,22))
37((36,34),(70,15))
38((13,10),(14,13))
39((17,4),(58,22),(70,38),(7,39),(26,32))
40((27,23),(74,20))
41((11,32),(53,4),(20,1),(29,11),(73,3),(57,47))
42((21,35),(58,38),(73,14),(45,22))
43((9,43),(54,14),(13,39))
44((33,47),(20,5),(3,35))
45((12,34),(42,22),(35,1))
46((10,48),(48,44),(61,26),(72,48),(70,9))
47((9,12))
48((46,44),(63,41),(19,5),(14,23),(21,9))
49((20,29))
50((15,34))
51((12,33),(52,27),(62,8),(28,44),(12,17),(17,19))
52((51,27),(57,29),(68,39),(17,6))
53((41,4),(55,17),(65,20),(78,21),(12,14))
54((43,14),(70,5))
55((53,17),(56,43),(76,50),(26,32),(13,32),(75,29),(22,50))
56((55,43),(24,21))
57((52,29),(66,17),(41,47))
58((39,22),(77,14),(42,38))
59((36,37),(70,25),(32,1))
60((26,19))
61((46,26),(4,6),(36,34))
62((51,8),(20,50),(67,4))
63((48,41),(65,20))
64((32,40),(16,10),(73,29),(0,4))
65((53,20),(63,20))
66((0,47),(69,33),(57,17))
67((24,4),(62,4))
68((33,2),(32,26),(52,39),(1,2))
69((66,33),(0,29))
70((39,38),(59,25),(4,46),(46,9),(54,5),(37,15))
71((21,26))
72((46,48),(27,1),(77,8))
73((10,23),(76,16),(64,29),(42,14),(41,3))
74((11,12),(40,20),(25,45))
75((34,24),(21,14),(55,29))
76((55,50),(73,16),(7,47))
77((30,20),(58,14),(72,8))
78((53,21),(12,42))
