0((1,4),(3,12),(16,48),(4,45))
1((0,4),(2,18),(4,14),(20,30),(9,5))
2((1,18),(5,27),(10,23),(14,22))
3((0,12),(6,12),(7,1),(17,13),(20,16),(13,40))
4((1,14),(15,43),(0,45),(9,29),(11,34))
5((2,27),(8,3),(11,10),(6,31))
6((3,12),(9,47),(5,31),(17,27))
7((3,1),(12,9),(13,4))
8((5,3))
9((6,47),(18,22),(4,29),(1,5))
10((2,23))
11((5,10),(20,50),(18,43),(4,34))
12((7,9))
13((7,4),(3,40))
14((2,22),(20,35))
15((4,43),(19,38))
16((0,48))
17((3,13),(6,27))
18((9,22),(11,43))
19((15,38))
20((3,16),(11,50),(1,30),(14,35))
