0((1,38),(2,17),(3,50),(66,33),(5,3),(50,39))
1((0,38),(12,4),(27,46),(42,3),(43,27),(57,27),(13,4),(33,26),(12,18))
2((0,17),(4,29),(6,18),(7,38),(8,13),(20,16),(25,28),(54,2),(54,25),(12,7))
3((0,50),(5,18),(36,41))
4((2,29),(13,34),(24,1),(36,39),(52,40))
5((3,18),(9,18),(10,26),(29,5),(0,3),(45,23))
6((2,18),(16,2),(18,2),(55,24))
7((2,38),(36,43),(69,15))
8((2,13),(53,35),(40,1),(32,3),(31,33),(43,33))
9((5,18),(11,40),(35,49),(48,29),(35,6))
10((5,26),(34,23),(49,23),(14,46))
11((9,40),(19,27))
12((1,4),(51,35),(55,39),(2,7),(1,18))
13((4,34),(14,48),(26,22),(30,10),(58,10),(1,4),(56,9),(29,9))
14((13,48),(15,16),(10,46),(53,16))
15((14,16))
16((6,2),(17,25),(28,18),(36,47),(62,20),(48,8),(44,34),(55,25))
17((16,25),(22,11),(23,17),(38,29),(31,42),(65,18))
18((6,2))
19((11,27),(21,21),(33,35),(35,40),(39,26))
20((2,16),(43,48),(48,3))
21((19,21),(61,30))
22((17,11),(39,29),(63,22),(54,27))
23((17,17),(47,42),(36,6),(47,41),(32,19))
24((4,1),(44,8))
25((2,28),(32,41),(37,21),(40,45),(64,26))
26((13,22),(56,35))
27((1,46),(44,1),(50,7),(35,6))
28((16,18),(31,12),(45,26),(52,34),(50,26))
29((5,5),(46,20),(59,23),(13,9),(56,3))
30((13,10),(53,35),(39,19))
31((28,12),(47,21),(8,33),(17,42))
32((25,41),(8,3),(23,19),(68,16),(48,13))
33((19,35),(56,16),(68,7),(52,19),(1,26))
34((10,23),(50,23),(67,39))
35((9,49),(19,40),(9,6),(27,6))
36((7,43),(60,19),(16,47),(23,6),(4,39),(67,48),(3,41))
37((25,21),(49,13))
38((17,29))
39((22,29),(19,26),(30,19))
40((25,45),(41,40),(8,1))
41((40,40),(61,46),(45,38))
42((1,3),(62,13))
43((1,27),(59,30),(20,48),(8,33))
44((24,8),(27,1),(16,34))
45((28,26),(41,38),(5,23))
46((29,20),(50,32))
47((23,42),(23,41),(31,21))
48((9,29),(20,3),(16,8),(32,13))
49((37,13),(10,23),(61,23))
50((34,23),(28,26),(0,39),(46,32),(27,7))
51((12,35),(69,43))
52((28,34),(33,19),(4,40))
53((8,35),(30,35),(14,16))
54((2,2),(2,25),(22,27),(61,22))
55((12,39),(6,24),(16,25))
56((33,16),(13,9),(29,3),(26,35))
57((1,27),(65,24),(60,4))
58((13,10))
59((43,30),(29,23))
60((36,19),(57,4))
61((41,46),(21,30),(54,22),(49,23))
62((42,13),(16,20))
63((22,22),(67,12))
64((25,26))
65((57,24),(17,18))
66((0,33),(67,16))
67((34,39),(63,12),(66,16),(36,48))
68((33,7),(32,16))
69((7,15),(51,43))
