0((1,18),(2,24),(5,8),(6,13),(7,19),(8,46),(13,2),(26,39),(28,5),(31,6),(35,8),(45,13),(16,10),(2,41),(98,25))
1((0,18),(9,14),(46,48),(50,35))
2((0,24),(3,21),(12,35),(16,9),(37,12),(42,33),(0,41),(99,27),(11,39))
3((2,21),(4,47),(11,34),(17,47),(40,20),(87,26),(14,8))
4((3,47))
5((0,8),(61,43))
6((0,13),(10,18),(19,4),(57,6))
7((0,19),(14,4),(22,35),(33,10),(82,22),(60,9),(52,24))
8((0,46),(56,12),(65,30),(33,2))
9((1,14))
10((6,18),(44,22),(75,15),(15,17),(54,38),(100,37),(65,16),(79,41))
11((3,34),(90,49),(2,39),(43,20))
12((2,35),(23,15),(60,13),(75,20),(92,17),(80,17),(97,32),(92,43))
13((0,2),(18,44),(32,8),(53,2))
14((7,4),(15,17),(36,15),(94,46),(30,27),(80,41),(26,6),(3,8))
15((14,17),(21,21),(25,9),(10,17),(68,42),(34,47))
16((2,9),(49,39),(0,10),(28,37),(21,16))
17((3,47),(20,40),(34,20),(54,38),(18,21),(43,22),(101,36))
18((13,44),(47,13),(80,36),(17,21),(49,8))
19((6,4),(76,46),(78,44),(43,50))
20((17,40),(29,42),(67,49),(70,27),(86,28),(76,40))
21((15,21),(39,44),(16,16))
22((7,35),(24,9),(30,44))
23((12,15),(27,10),(84,4),(55,33))
24((22,9),(38,30),(93,49),(31,10))
25((15,9),(64,37),(28,44))
26((0,39),(43,48),(14,6))
27((23,10),(41,39),(81,39),(94,3))
28((0,5),(25,44),(16,37))
29((20,42),(58,16),(95,31),(34,49))
30((22,44),(69,15),(14,27))
31((0,6),(48,14),(59,10),(74,37),(24,10),(50,28))
32((13,8))
33((7,10),(8,2),(45,39))
34((17,20),(66,29),(29,49),(15,47))
35((0,8),(96,48),(47,17))
36((14,15),(82,18),(65,10),(99,43))
37((2,12),(73,29),(52,45),(86,17),(66,30))
38((24,30),(83,19),(95,5),(58,50))
39((21,44),(51,44),(63,36),(53,47))
40((3,20))
41((27,39),(85,31))
42((2,33),(79,45))
43((26,48),(64,47),(17,22),(62,41),(19,50),(66,25),(11,20))
44((10,22),(98,8),(89,11))
45((0,13),(52,19),(33,39))
46((1,48),(55,28),(84,25),(91,39))
47((18,13),(35,17))
48((31,14),(74,7),(100,15))
49((16,39),(91,46),(53,31),(18,8))
50((1,35),(82,21),(31,28),(56,27))
51((39,44),(55,33))
52((45,19),(62,15),(37,45),(7,24))
53((13,2),(49,31),(39,47))
54((17,38),(68,11),(92,17),(10,38))
55((46,28),(23,33),(81,49),(51,33),(66,30))
56((8,12),(50,27))
57((6,6),(77,21))
58((29,16),(72,19),(88,26),(38,50),(61,11))
59((31,10))
60((12,13),(71,27),(97,27),(89,11),(71,36),(7,9),(62,34))
61((5,43),(58,11),(76,28))
62((52,15),(43,41),(60,34))
63((39,36))
64((25,37),(70,39),(43,47))
65((8,30),(36,10),(10,16))
66((34,29),(81,21),(85,17),(55,30),(37,30),(43,25))
67((20,49),(99,25))
68((54,11),(15,42))
69((30,15),(75,27))
70((20,27),(64,39))
71((60,27),(60,36),(90,8))
72((58,19),(74,16))
73((37,29),(101,34))
74((31,37),(84,48),(72,16),(48,7))
75((12,20),(10,15),(69,27))
76((19,46),(20,40),(78,23),(78,22),(61,28))
77((57,21))
78((19,44),(76,23),(76,22))
79((42,45),(83,27),(10,41))
80((18,36),(14,41),(12,17),(81,24))
81((66,21),(27,39),(55,49),(80,24))
82((7,22),(36,18),(89,47),(50,21))
83((38,19),(89,33),(79,27))
84((23,4),(74,48),(46,25))
85((41,31),(98,35),(66,17),(86,39))
86((20,28),(100,31),(85,39),(37,17))
87((3,26))
88((58,26),(90,50))
89((83,33),(96,28),(60,11),(82,47),(44,11))
90((88,50),(11,49),(94,32),(71,8))
91((49,46),(97,29),(46,39),(94,17))
92((12,17),(54,17),(12,43))
93((24,49))
94((14,46),(97,41),(90,32),(27,3),(91,17))
95((29,31),(99,21),(38,5))
96((89,28),(35,48))
97((94,41),(60,27),(91,29),(12,32))
98((85,35),(0,25),(44,8))
99((95,21),(2,27),(67,25),(36,43))
100((86,31),(10,37),(48,15))
101((73,34),(17,36))
