0((1,7),(2,32),(38,9),(22,10),(8,42))
1((0,7),(4,41),(7,24))
2((0,32),(3,50),(5,6),(12,9),(18,50),(27,13),(16,39),(13,6))
3((2,50),(16,47),(24,46),(44,11),(30,11),(42,42))
4((1,41),(6,30),(25,46))
5((2,6),(13,6),(28,12),(41,15),(38,28))
6((4,30),(8,32),(9,18),(30,23))
7((1,24),(11,49),(15,21),(21,42),(36,10),(39,35),(48,25))
8((6,32),(10,20),(37,50),(45,14),(51,41),(0,42),(47,19),(30,30),(37,19))
9((6,18),(17,46),(40,22),(51,11))
10((8,20),(19,49),(32,24),(26,28))
11((7,49),(31,21),(47,1),(47,2),(15,6))
12((2,9),(14,24),(33,30),(49,46),(24,48))
13((5,6),(45,35),(22,8),(2,6))
14((12,24),(20,28))
15((7,21),(47,10),(44,2),(11,6))
16((3,47),(2,39),(22,24))
17((9,46),(46,12),(28,12))
18((2,50),(23,49),(43,16),(48,2),(32,36),(22,21))
19((10,49),(42,36),(37,18))
20((14,28),(22,23))
21((7,42),(44,47))
22((20,23),(26,21),(33,9),(13,8),(18,21),(0,10),(44,34),(16,24))
23((18,49),(29,22))
24((3,46),(32,41),(50,13),(12,48))
25((4,46),(46,5),(47,16))
26((22,21),(10,28))
27((2,13))
28((5,12),(17,12),(38,34))
29((23,22),(50,22),(51,2))
30((6,23),(35,38),(3,11),(36,21),(8,30))
31((11,21))
32((10,24),(34,32),(24,41),(18,36))
33((12,30),(22,9))
34((32,32),(49,6))
35((30,38),(47,5))
36((7,10),(44,14),(30,21))
37((8,50),(19,18),(8,19))
38((0,9),(5,28),(28,34),(41,25))
39((7,35),(47,10))
40((9,22))
41((5,15),(48,14),(38,25))
42((19,36),(3,42))
43((18,16))
44((21,47),(3,11),(15,2),(36,14),(22,34))
45((8,14),(13,35))
46((25,5),(17,12),(51,20))
47((39,10),(15,10),(11,1),(11,2),(8,19),(35,5),(25,16))
48((18,2),(41,14),(7,25))
49((12,46),(34,6))
50((29,22),(24,13))
51((8,41),(46,20),(9,11),(29,2))
