0((1,6),(4,10),(6,26),(10,35),(16,23),(59,47),(27,44))
1((0,6),(2,28),(3,37),(12,35),(40,26),(28,35),(42,14))
2((1,28),(71,38),(56,41),(91,29))
3((1,37),(32,39),(49,37),(38,20),(48,16),(59,6))
4((0,10),(5,38),(13,12),(29,11),(60,3))
5((4,38),(8,19),(18,43),(17,6),(73,15))
6((0,26),(7,9),(30,35),(65,36))
7((6,9),(9,4),(26,39),(88,15),(39,18))
8((5,19),(11,20),(22,3),(29,30),(15,48),(42,44),(62,45))
9((7,4),(14,14),(46,21),(44,33),(66,36))
10((0,35),(21,9),(57,33),(66,39))
11((8,20),(20,16),(23,36),(39,14))
12((1,35),(19,22),(22,25))
13((4,12),(17,28),(34,33),(58,31),(80,10))
14((9,14),(15,44),(52,30),(36,39),(39,33))
15((14,44),(76,2),(8,48),(63,35),(53,18),(74,38))
16((0,23),(66,7),(74,20),(81,27),(59,14),(52,4))
17((13,28),(45,19),(83,6),(56,38),(5,6),(92,40),(41,18),(42,45))
18((5,43),(24,14),(33,6),(84,5),(92,45))
19((12,22),(77,20),(23,22),(44,10))
20((11,16),(28,36),(37,25),(39,20),(52,30))
21((10,9),(44,32),(45,8),(72,37))
22((8,3),(35,10),(52,17),(58,24),(80,25),(12,25))
23((11,36),(54,50),(79,2),(34,6),(19,22),(67,22))
24((18,14),(25,32),(27,10),(31,28),(36,5),(53,8),(63,24))
25((24,32),(82,15),(48,9))
26((7,39),(72,16))
27((24,10),(41,22),(75,18),(78,8),(0,44))
28((20,36),(56,42),(1,35))
29((4,11),(38,24),(8,30),(85,48),(35,13))
30((6,35),(33,48),(87,41))
31((24,28),(43,42),(51,26),(36,35))
32((3,39),(73,28))
33((18,6),(30,48))
34((13,33),(47,2),(23,6),(46,32))
35((22,10),(42,1),(29,13))
36((24,5),(14,39),(31,35))
37((20,25),(70,10))
38((29,24),(91,46),(3,20),(40,8),(86,4))
39((11,14),(7,18),(46,34),(79,31),(20,20),(14,33))
40((1,26),(67,4),(38,8),(72,38))
41((27,22),(17,18),(89,48))
42((35,1),(69,34),(1,14),(8,44),(78,4),(17,45))
43((31,42),(50,25),(46,15))
44((21,32),(48,9),(19,10),(9,33),(82,12))
45((17,19),(78,37),(21,8))
46((9,21),(88,5),(34,32),(39,34),(43,15))
47((34,2),(64,12),(87,7))
48((44,9),(55,10),(3,16),(25,9))
49((3,37),(61,16),(58,12),(85,8))
50((43,25))
51((31,26),(62,44),(72,46),(86,45))
52((22,17),(14,30),(16,4),(20,30))
53((24,8),(85,16),(15,18))
54((23,50),(90,17),(86,15))
55((48,10),(61,22),(86,11))
56((28,42),(2,41),(17,38))
57((10,33),(70,18),(87,1),(59,50))
58((13,31),(22,24),(49,12))
59((0,47),(16,14),(3,6),(57,50))
60((4,3),(67,28))
61((55,22),(49,16))
62((51,44),(8,45),(84,22))
63((24,24),(69,44),(15,35))
64((47,12))
65((6,36),(89,47),(80,49))
66((16,7),(68,26),(10,39),(9,36))
67((40,4),(84,42),(60,28),(23,22))
68((66,26),(77,27))
69((42,34),(63,44))
70((57,18),(37,10))
71((2,38))
72((26,16),(40,38),(51,46),(21,37))
73((32,28),(5,15))
74((16,20),(79,38),(15,38),(91,22))
75((27,18),(90,45))
76((15,2))
77((68,27),(19,20))
78((27,8),(45,37),(42,4))
79((23,2),(74,38),(39,31))
80((13,10),(22,25),(65,49),(83,2))
81((16,27))
82((25,15),(88,10),(44,12))
83((17,6),(80,2),(86,26))
84((18,5),(85,20),(62,22),(67,42))
85((53,16),(84,20),(29,48),(49,8))
86((55,11),(38,4),(54,15),(51,45),(83,26))
87((47,7),(57,1),(30,41))
88((82,10),(7,15),(46,5))
89((65,47),(41,48))
90((54,17),(75,45))
91((38,46),(74,22),(2,29))
92((18,45),(17,40))
