0((1,37),(2,29),(5,4),(6,45),(28,18),(10,9))
1((0,37),(3,38),(4,50),(8,28),(24,1),(8,11),(12,23))
2((0,29),(9,11),(31,42),(12,8))
3((1,38),(22,4),(34,31))
4((1,50),(12,8),(19,19))
5((0,4),(17,26),(31,31))
6((0,45),(7,28),(14,30),(19,42))
7((6,28),(20,21),(33,41),(30,38))
8((1,28),(10,40),(11,8),(16,37),(23,42),(1,11),(26,32),(32,35))
9((2,11),(13,22),(15,17),(35,43),(20,29),(36,39))
10((8,40),(26,5),(11,35),(0,9))
11((8,8),(32,33),(10,35))
12((4,8),(18,30),(27,48),(15,50),(22,26),(2,8),(1,23))
13((9,22),(29,43),(24,29))
14((6,30),(25,48))
15((9,17),(32,44),(12,50))
16((8,37),(21,16),(36,35))
17((5,26),(31,13))
18((12,30),(19,26))
19((18,26),(6,42),(4,19))
20((7,21),(9,29))
21((16,16),(34,30))
22((3,4),(12,26))
23((8,42),(25,1))
24((1,1),(13,29))
25((23,1),(30,5),(14,48))
26((10,5),(8,32))
27((12,48))
28((0,18),(33,28),(32,49),(30,11))
29((13,43))
30((25,5),(32,32),(28,11),(7,38))
31((17,13),(2,42),(5,31))
32((15,44),(30,32),(34,48),(28,49),(11,33),(8,35))
33((28,28),(7,41))
34((3,31),(21,30),(32,48))
35((9,43))
36((9,39),(16,35))
