0((1,17),(2,12),(7,39),(10,7),(26,18),(29,2))
1((0,17),(5,23),(12,44),(33,12),(38,48),(37,16))
2((0,12),(3,41),(4,6),(6,28),(34,28),(73,21),(5,20))
3((2,41),(52,35))
4((2,6),(5,29),(49,22),(16,3))
5((1,23),(8,10),(25,48),(43,2),(4,29),(63,2),(56,14),(2,20))
6((2,28),(11,28),(54,17),(62,22),(45,8))
7((0,39),(66,39),(26,24),(29,2))
8((5,10),(9,40),(18,18),(52,31))
9((8,40),(27,13),(30,22))
10((0,7),(13,31),(16,27),(19,8),(20,26),(31,41),(35,28),(59,28),(56,39))
11((6,28),(23,29),(34,32),(37,25),(70,3),(68,24),(44,31),(28,26))
12((1,44),(14,18),(22,24),(24,20),(36,13),(55,21))
13((10,31),(15,26),(17,1),(25,23))
14((12,18),(54,39))
15((13,26),(17,8),(49,26),(69,8),(29,39),(35,42))
16((10,27),(28,50),(39,7),(4,3))
17((15,8),(13,1),(32,49),(30,24))
18((8,18),(21,20),(60,1),(29,40),(49,7))
19((10,8),(46,2),(56,49),(57,10),(51,48))
20((10,26),(51,46),(55,24))
21((18,20),(70,26))
22((12,24),(34,42))
23((11,29))
24((12,20),(32,18),(45,15),(39,30),(50,25))
25((5,48),(13,23),(48,14),(29,13))
26((0,18),(41,43),(50,2),(7,24))
27((9,13),(65,37))
28((16,50),(34,46),(41,23),(11,26))
29((0,2),(36,50),(62,30),(64,41),(15,39),(18,40),(25,13),(7,2))
30((9,22),(40,23),(61,44),(44,32),(17,24))
31((10,41),(42,11),(42,47),(35,34))
32((24,18),(17,49),(34,46),(44,36),(36,40))
33((1,12),(51,46))
34((11,32),(53,42),(2,28),(22,42),(32,46),(28,46))
35((10,28),(62,20),(15,42),(31,34))
36((29,50),(44,8),(47,40),(12,13),(60,39),(61,28),(32,40))
37((11,25),(48,20),(66,35),(1,16))
38((1,48),(59,28),(51,38))
39((16,7),(24,30),(62,14))
40((30,23))
41((26,43),(55,40),(67,37),(28,23))
42((31,11),(31,47),(67,12),(62,35))
43((5,2),(54,37),(68,33))
44((36,8),(58,43),(67,15),(11,31),(30,32),(32,36))
45((24,15),(6,8))
46((19,2))
47((36,40))
48((37,20),(71,35),(25,14))
49((15,26),(55,44),(72,28),(4,22),(18,7))
50((26,2),(24,25))
51((20,46),(19,48),(38,38),(33,46))
52((8,31),(3,35))
53((34,42),(71,8))
54((43,37),(14,39),(6,17))
55((49,44),(63,12),(41,40),(20,24),(66,1),(59,17),(12,21))
56((19,49),(10,39),(5,14))
57((19,10),(64,40),(66,6))
58((44,43))
59((38,28),(10,28),(55,17))
60((18,1),(36,39))
61((30,44),(36,28))
62((29,30),(35,20),(42,35),(6,22),(39,14))
63((55,12),(5,2))
64((57,40),(29,41))
65((27,37))
66((7,39),(55,1),(57,6),(37,35))
67((44,15),(42,12),(41,37))
68((43,33),(11,24))
69((15,8))
70((11,3),(21,26))
71((53,8),(48,35))
72((49,28))
73((2,21))
