0((1,26),(2,5),(3,29),(5,24),(17,26),(55,4),(57,50),(31,14),(82,24),(46,7))
1((0,26),(11,18),(63,1),(65,42))
2((0,5),(4,46),(12,21),(28,26),(53,48),(55,8))
3((0,29),(6,25),(9,17),(13,5),(8,33))
4((2,46),(7,19),(27,47),(32,45),(45,30),(43,38),(70,20))
5((0,24),(10,9),(69,16),(88,42),(45,22),(42,1),(90,19),(16,3))
6((3,25),(8,36),(42,45),(62,4),(42,33))
7((4,19),(82,5),(100,45))
8((6,36),(14,11),(20,18),(33,4),(3,33))
9((3,17),(19,22),(23,27),(29,17),(102,28))
10((5,9))
11((1,18),(18,7),(38,46),(43,10),(60,6),(96,5))
12((2,21),(97,44),(28,25),(101,8),(58,2))
13((3,5),(46,38),(48,26),(64,30),(32,8),(15,1),(70,21))
14((8,11),(15,44),(16,8),(22,50),(24,1),(49,42),(92,47),(64,19))
15((14,44),(26,41),(31,23),(56,15),(13,1))
16((14,8),(5,3),(62,24))
17((0,26),(25,49),(36,6),(40,50),(29,49))
18((11,7),(86,11),(101,49))
19((9,22))
20((8,18),(21,1),(79,46),(43,25),(81,48),(80,19),(66,18))
21((20,1),(74,4),(100,44),(25,41))
22((14,50),(37,35),(91,15),(35,39),(88,29),(39,34))
23((9,27),(92,12),(52,8))
24((14,1),(44,17),(66,13),(53,8))
25((17,49),(34,24),(35,26),(39,19),(83,45),(93,7),(21,41))
26((15,41),(78,31),(83,11))
27((4,47),(30,4))
28((2,26),(47,40),(12,25),(93,42),(50,14),(97,31))
29((9,17),(17,49),(52,25),(96,34))
30((27,4),(68,5),(65,48),(63,15))
31((15,23),(41,15),(80,5),(0,14))
32((4,45),(51,39),(65,13),(45,17),(95,26),(13,8))
33((8,4),(99,9))
34((25,24),(50,25),(76,1),(49,48),(62,42))
35((25,26),(58,18),(101,38),(22,39))
36((17,6))
37((22,35),(71,21),(100,37),(43,41))
38((11,46),(52,22))
39((25,19),(52,42),(61,12),(22,34),(57,29))
40((17,50),(48,24),(59,8),(46,7))
41((31,15),(70,48))
42((6,45),(99,39),(5,1),(6,33))
43((11,10),(65,19),(37,41),(76,16),(4,38),(20,25),(67,28),(82,40))
44((24,17))
45((4,30),(88,25),(5,22),(86,29),(32,17))
46((13,38),(0,7),(40,7))
47((28,40),(49,20),(68,7),(75,17),(54,23))
48((13,26),(91,5),(40,24))
49((47,20),(87,22),(14,42),(34,48),(86,18))
50((34,25),(56,15),(28,14),(58,17))
51((32,39),(82,17),(92,29))
52((39,42),(54,1),(38,22),(29,25),(23,8))
53((2,48),(24,8))
54((52,1),(47,23))
55((0,4),(2,8))
56((50,15),(15,15))
57((0,50),(59,31),(78,17),(39,29))
58((35,18),(50,17),(12,2))
59((57,31),(40,8))
60((11,6),(67,45),(78,33),(94,23),(87,14))
61((39,12),(64,45))
62((6,4),(72,3),(65,22),(34,42),(16,24))
63((1,1),(67,48),(30,15))
64((13,30),(61,45),(91,40),(14,19))
65((43,19),(73,40),(98,4),(32,13),(30,48),(62,22),(1,42))
66((24,13),(20,18))
67((60,45),(102,15),(63,48),(43,28),(73,11))
68((30,5),(47,7),(95,34))
69((5,16),(81,44))
70((41,48),(90,39),(4,20),(13,21))
71((37,21))
72((62,3),(77,42),(85,48),(89,21))
73((65,40),(75,16),(67,11))
74((21,4))
75((73,16),(47,17))
76((34,1),(43,16))
77((72,42),(84,11),(87,22))
78((60,33),(26,31),(57,17))
79((20,46))
80((31,5),(20,19))
81((69,44),(20,48))
82((51,17),(7,5),(94,29),(0,24),(83,35),(43,40))
83((25,45),(82,35),(26,11),(85,33))
84((77,11),(97,35))
85((72,48),(95,6),(83,33))
86((18,11),(45,29),(49,18))
87((49,22),(77,22),(60,14))
88((5,42),(45,25),(22,29))
89((72,21))
90((70,39),(5,19),(92,26))
91((22,15),(48,5),(64,40),(98,46),(93,35))
92((23,12),(14,47),(51,29),(90,26))
93((25,7),(28,42),(95,4),(91,35))
94((60,23),(82,29))
95((85,6),(68,34),(93,4),(32,26))
96((11,5),(29,34))
97((12,44),(101,28),(84,35),(28,31))
98((65,4),(91,46))
99((42,39),(33,9))
100((37,37),(21,44),(7,45))
101((97,28),(35,38),(12,8),(18,49))
102((67,15),(9,28))
