0((1,33),(14,23),(34,42),(20,48),(30,35))
1((0,33),(2,37),(3,7),(22,33),(31,46),(16,19))
2((1,37),(4,34),(5,16),(8,1),(10,50),(17,9),(47,49),(21,3),(31,35))
3((1,7),(28,13),(33,24),(48,12))
4((2,34),(11,43),(42,5))
5((2,16),(6,3),(7,45),(9,6),(32,3),(38,22),(37,24),(11,23))
6((5,3),(13,43),(21,47),(26,15))
7((5,45),(12,42),(15,26),(30,33),(46,50),(50,33),(18,1))
8((2,1),(43,32),(19,6))
9((5,6),(35,28))
10((2,50))
11((4,43),(29,18),(35,50),(49,50),(47,5),(35,23),(24,47),(5,23),(24,21))
12((7,42))
13((6,43),(23,7),(41,40))
14((0,23),(16,29),(43,30),(48,29),(16,42))
15((7,26),(18,28),(24,42))
16((14,29),(55,25),(14,42),(49,46),(23,38),(1,19))
17((2,9),(19,36),(44,10),(54,5))
18((15,28),(20,45),(37,44),(28,15),(7,1))
19((17,36),(25,45),(37,39),(8,6),(32,33))
20((18,45),(0,48),(26,20))
21((6,47),(27,39),(45,9),(32,1),(2,3),(50,11),(25,36),(41,13))
22((1,33),(46,41))
23((13,7),(16,38))
24((15,42),(52,19),(11,47),(11,21))
25((19,45),(41,13),(50,21),(21,36))
26((6,15),(51,9),(54,16),(20,20))
27((21,39))
28((3,13),(42,42),(30,3),(18,15),(52,30))
29((11,18),(35,2))
30((7,33),(36,47),(0,35),(28,3))
31((1,46),(39,37),(2,35))
32((5,3),(21,1),(19,33))
33((3,24))
34((0,42))
35((11,50),(9,28),(11,23),(29,2))
36((30,47),(45,5))
37((18,44),(40,43),(19,39),(44,40),(45,14),(5,24),(49,42))
38((5,22))
39((31,37),(42,47))
40((37,43))
41((25,13),(51,34),(13,40),(21,13))
42((28,42),(4,5),(39,47))
43((8,32),(14,30))
44((17,10),(54,46),(37,40))
45((21,9),(36,5),(37,14),(47,23))
46((22,41),(50,3),(7,50))
47((2,49),(11,5),(45,23))
48((3,12),(14,29))
49((11,50),(53,29),(16,46),(37,42))
50((46,3),(25,21),(7,33),(21,11))
51((26,9),(41,34))
52((24,19),(28,30))
53((49,29))
54((44,46),(26,16),(17,5))
55((16,25))
