0((1,9),(7,7))
1((0,9),(2,35),(13,30),(56,36),(74,7))
2((1,35),(3,28),(4,30),(6,4),(9,40),(16,14),(27,13),(65,1),(55,27))
3((2,28),(7,42))
4((2,30),(5,35),(11,28),(24,47),(26,13),(59,11),(34,38),(49,40),(55,42))
5((4,35),(8,7),(19,39),(35,31),(34,50),(19,6),(73,8),(18,42),(66,22))
6((2,4),(12,33),(21,34),(39,2),(59,50),(50,43))
7((0,7),(10,50),(51,9),(11,1),(3,42),(74,4))
8((5,7),(15,36),(20,11),(23,14),(52,46))
9((2,40),(17,49),(28,16),(19,37))
10((7,50),(31,24))
11((4,28),(49,34),(54,1),(7,1))
12((6,33),(18,48),(36,6),(41,48),(41,16))
13((1,30),(14,17),(22,47),(29,50),(46,20),(56,24))
14((13,17),(27,6),(30,28))
15((8,36),(54,21),(58,40))
16((2,14),(48,4),(70,31),(44,34))
17((9,49))
18((12,48),(51,18),(28,37),(5,42))
19((5,39),(25,13),(44,50),(5,6),(32,36),(9,37))
20((8,11),(50,43),(27,2),(60,49))
21((6,34),(33,41),(34,27),(37,17))
22((13,47),(58,14),(71,36),(39,42),(75,35))
23((8,14),(53,32))
24((4,47),(31,46),(63,34),(57,4))
25((19,13),(43,44),(74,10),(37,48),(52,1))
26((4,13),(70,13),(76,21),(35,22))
27((14,6),(20,2),(2,13),(47,2))
28((9,16),(18,37),(62,19),(56,47),(77,34))
29((13,50),(32,36),(68,23),(61,45),(41,6))
30((14,28),(65,19),(74,47),(57,18))
31((24,46),(38,26),(10,24),(60,4))
32((29,36),(47,41),(55,48),(68,17),(19,36))
33((21,41),(40,31),(67,8))
34((21,27),(45,21),(57,22),(5,50),(4,38),(49,24))
35((5,31),(26,22))
36((12,6))
37((21,17),(48,38),(25,48),(51,17))
38((31,26),(60,19),(66,26),(69,30),(46,8))
39((6,2),(22,42))
40((33,31),(42,31))
41((12,48),(53,2),(56,37),(29,6),(12,16))
42((40,31),(54,50))
43((25,44),(62,8),(54,31))
44((19,50),(16,34))
45((34,21))
46((13,20),(38,8),(67,49),(74,36))
47((32,41),(27,2),(73,45))
48((16,4),(61,21),(73,34),(37,38))
49((11,34),(64,6),(77,29),(4,40),(34,24))
50((20,43),(72,49),(6,43))
51((18,18),(73,7),(7,9),(63,42),(37,17))
52((8,46),(25,1))
53((41,2),(23,32))
54((15,21),(43,31),(11,1),(42,50))
55((32,48),(76,49),(2,27),(4,42))
56((41,37),(63,39),(28,47),(1,36),(13,24))
57((34,22),(30,18),(76,2),(24,4))
58((22,14),(15,40))
59((4,11),(6,50))
60((38,19),(31,4),(20,49))
61((48,21),(68,14),(29,45),(76,29))
62((43,8),(67,23),(28,19))
63((24,34),(75,39),(56,39),(51,42))
64((49,6))
65((30,19),(2,1))
66((38,26),(5,22))
67((62,23),(46,49),(33,8))
68((61,14),(32,17),(29,23),(72,46))
69((38,30))
70((16,31),(26,13))
71((22,36))
72((50,49),(68,46))
73((51,7),(48,34),(5,8),(47,45))
74((25,10),(30,47),(1,7),(46,36),(7,4))
75((63,39),(22,35))
76((55,49),(26,21),(61,29),(57,2))
77((49,29),(28,34))
