0((1,3),(2,42),(21,31),(34,35),(39,27))
1((0,3),(4,8),(5,43),(7,12),(13,36),(25,24))
2((0,42),(3,39),(6,42),(8,30),(23,42),(40,44),(22,37))
3((2,39),(12,20),(15,9),(24,21),(55,20),(6,34),(36,43))
4((1,8),(13,24),(6,46))
5((1,43),(16,5),(25,10))
6((2,42),(17,17),(19,14),(27,4),(42,18),(56,29),(3,34),(4,46))
7((1,12),(10,26),(20,28),(12,4))
8((2,30),(9,32),(11,37))
9((8,32),(14,21),(19,4),(38,36),(52,37))
10((7,26),(29,11),(22,18),(19,41))
11((8,37),(31,1),(45,39),(49,23))
12((3,20),(18,41),(53,48),(41,48),(7,4))
13((1,36),(57,32),(4,24),(44,44))
14((9,21),(22,11),(15,38))
15((3,9),(21,17),(14,38))
16((5,5),(22,29),(48,38),(51,38))
17((6,17),(32,25),(50,22))
18((12,41),(36,34),(39,20))
19((6,14),(35,21),(23,5),(40,22),(26,17),(9,4),(10,41))
20((7,28),(26,39),(35,47),(30,42))
21((0,31),(46,8),(52,28),(33,6),(15,17))
22((16,29),(2,37),(25,31),(10,18),(41,15),(14,11))
23((2,42),(26,23),(19,5))
24((3,21),(30,25),(37,45))
25((1,24),(28,9),(38,48),(53,21),(46,6),(22,31),(35,50),(5,10))
26((20,39),(23,23),(19,17))
27((6,4),(41,39),(47,48))
28((25,9),(44,29))
29((10,11),(33,13),(43,26),(48,3))
30((24,25),(20,42))
31((11,1),(39,27))
32((17,25),(34,42))
33((29,13),(21,6))
34((32,42),(52,20),(0,35),(41,44))
35((19,21),(20,47),(25,50))
36((18,34),(41,39),(3,43))
37((24,45),(48,14))
38((25,48),(51,26),(9,36))
39((18,20),(54,35),(31,27),(0,27))
40((2,44),(19,22),(52,19),(49,21))
41((27,39),(55,36),(36,39),(42,17),(12,48),(22,15),(34,44),(43,50))
42((6,18),(41,17))
43((29,26),(41,50))
44((28,29),(56,24),(13,44))
45((11,39))
46((21,8),(25,6))
47((27,48))
48((37,14),(29,3),(53,3),(16,38))
49((11,23),(40,21))
50((17,22))
51((38,26),(16,38))
52((34,20),(21,28),(40,19),(9,37),(54,1))
53((25,21),(12,48),(48,3))
54((39,35),(52,1))
55((3,20),(41,36))
56((6,29),(44,24))
57((13,32))
