0((1,24),(3,12),(6,26),(10,23),(44,20),(65,25))
1((0,24),(2,29),(11,12),(13,49),(37,17),(20,35))
2((1,29),(57,41),(14,14))
3((0,12),(4,48),(5,44),(12,40),(60,15),(9,7),(27,39))
4((3,48),(8,14),(9,5),(14,40),(21,25),(34,47))
5((3,44),(38,9),(14,24))
6((0,26),(7,24),(43,30),(17,25))
7((6,24),(13,3))
8((4,14),(24,20),(26,40),(36,18),(28,17),(53,19))
9((4,5),(23,10),(47,26),(50,5),(3,7))
10((0,23),(16,32),(25,41))
11((1,12),(31,30))
12((3,40),(15,26),(17,10),(20,44),(29,45),(60,20))
13((1,49),(19,17),(29,21),(31,17),(7,3))
14((4,40),(25,2),(2,14),(5,24),(35,13))
15((12,26),(18,10),(28,4),(61,19),(52,45))
16((10,32),(22,47))
17((12,10),(66,30),(6,25))
18((15,10),(30,9),(64,34))
19((13,17),(57,49),(41,4),(67,17))
20((12,44),(44,47),(67,46),(64,23),(1,35))
21((4,25),(27,4),(32,24),(52,24),(59,14))
22((16,47),(48,35),(31,47),(57,35))
23((9,10),(41,31),(45,7),(67,37),(57,16),(56,14))
24((8,20),(59,43),(47,1))
25((14,2),(10,41))
26((8,40))
27((21,4),(33,45),(53,20),(3,39))
28((15,4),(42,47),(57,43),(8,17),(62,44))
29((12,45),(13,21),(33,10),(55,42))
30((18,9),(34,4),(35,30),(53,47))
31((11,30),(64,47),(13,17),(22,47),(54,34))
32((21,24))
33((27,45),(46,4),(29,10))
34((30,4),(39,2),(51,8),(52,7),(4,47),(65,3))
35((30,30),(39,6),(63,18),(14,13))
36((8,18),(66,44),(60,1),(49,6))
37((1,17))
38((5,9))
39((34,2),(40,50),(54,10),(35,6),(52,21))
40((39,50),(55,7),(65,28))
41((23,31),(66,13),(19,4),(55,46))
42((28,47),(43,2))
43((6,30),(49,5),(60,50),(42,2))
44((20,47),(56,47),(0,20))
45((23,7))
46((33,4))
47((9,26),(24,1))
48((22,35))
49((43,5),(68,10),(36,6),(53,14),(51,39))
50((9,5))
51((34,8),(49,39))
52((34,7),(21,24),(39,21),(15,45),(62,37))
53((27,20),(49,14),(8,19),(65,40),(30,47))
54((39,10),(58,1),(31,34))
55((40,7),(65,6),(29,42),(41,46))
56((44,47),(66,50),(23,14))
57((2,41),(28,43),(69,19),(23,16),(19,49),(22,35))
58((54,1),(66,14))
59((24,43),(61,15),(21,14))
60((3,15),(43,50),(36,1),(12,20),(64,11))
61((15,19),(62,48),(59,15))
62((61,48),(63,5),(28,44),(52,37))
63((62,5),(35,18),(69,11))
64((31,47),(18,34),(20,23),(60,11))
65((55,6),(34,3),(40,28),(0,25),(53,40))
66((36,44),(41,13),(17,30),(56,50),(58,14))
67((20,46),(23,37),(19,17))
68((49,10))
69((57,19),(63,11))
