0((1,11),(2,43),(3,26),(13,44),(23,19),(41,32))
1((0,11),(5,21),(19,3),(40,10),(39,38),(28,5))
2((0,43),(4,47),(7,16),(15,48),(22,39))
3((0,26),(9,7),(17,19),(32,33),(39,29),(16,16),(24,38),(14,16))
4((2,47),(6,8),(40,44),(9,2),(19,34),(7,29))
5((1,21),(8,31),(44,30),(20,7),(16,17))
6((4,8),(11,39),(20,29),(49,24),(39,3))
7((2,16),(33,6),(42,35),(4,29))
8((5,31),(10,2),(49,9),(21,6))
9((3,7),(12,26),(4,2),(17,41))
10((8,2),(43,7),(31,10))
11((6,39),(14,20),(50,1))
12((9,26),(18,50))
13((0,44))
14((11,20),(21,17),(25,2),(29,24),(34,3),(3,16))
15((2,48),(16,12),(49,5),(42,12))
16((15,12),(26,27),(27,12),(28,28),(3,16),(44,28),(5,17))
17((3,19),(32,45),(9,41))
18((12,50),(20,16),(28,5))
19((1,3),(4,34),(24,33),(47,8))
20((6,29),(40,36),(5,7),(35,11),(18,16))
21((14,17),(39,14),(8,6))
22((2,39),(24,4),(48,2),(34,39))
23((0,19),(30,41),(36,9),(30,40),(50,33),(41,2),(27,25))
24((22,4),(19,33),(3,38))
25((14,2),(38,23))
26((16,27),(47,33))
27((16,12),(35,10),(46,33),(23,25))
28((16,28),(38,45),(1,5),(18,5))
29((14,24),(30,18))
30((23,41),(31,14),(23,40),(29,18))
31((30,14),(10,10))
32((3,33),(17,45))
33((7,6))
34((14,3),(22,39))
35((27,10),(37,1),(20,11))
36((23,9))
37((35,1),(45,28),(46,19))
38((28,45),(25,23))
39((3,29),(43,1),(1,38),(6,3),(21,14))
40((4,44),(42,13),(1,10),(20,36))
41((0,32),(23,2),(50,40))
42((7,35),(40,13),(50,47),(15,12))
43((39,1),(10,7))
44((5,30),(16,28))
45((37,28))
46((37,19),(27,33))
47((26,33),(19,8))
48((22,2))
49((6,24),(15,5),(8,9))
50((42,47),(23,33),(41,40),(11,1))
