0((1,24),(2,13),(11,50))
1((0,24),(9,22),(31,29),(27,11),(33,24),(2,28))
2((0,13),(3,5),(40,6),(41,45),(1,28))
3((2,5),(4,33),(7,31),(14,31),(42,46))
4((3,33),(5,47),(6,36),(8,8),(10,19),(39,18),(35,14),(29,47),(42,23))
5((4,47),(31,18))
6((4,36),(12,20),(40,33))
7((3,31),(16,12),(25,16),(14,14),(34,18))
8((4,8),(15,46),(24,40))
9((1,22),(18,5),(43,23),(38,2))
10((4,19),(13,23))
11((0,50),(38,12))
12((6,20),(19,19),(32,17),(35,14),(25,35),(16,6),(34,39),(35,31))
13((10,23),(20,11))
14((3,31),(21,24),(7,14),(28,50),(29,16))
15((8,46),(17,9))
16((7,12),(26,21),(38,9),(34,32),(12,6))
17((15,9),(24,15),(34,8))
18((9,5),(20,38),(37,16),(23,12))
19((12,19),(23,16),(27,18))
20((13,11),(22,42),(18,38),(32,32))
21((14,24),(29,47))
22((20,42))
23((19,16),(34,25),(33,10),(18,12))
24((8,40),(17,15))
25((7,16),(12,35),(33,27))
26((16,21),(28,7),(33,9),(32,7))
27((19,18),(30,12),(1,11),(37,24))
28((26,7),(36,8),(14,50))
29((21,47),(4,47),(14,16))
30((27,12))
31((5,18),(37,41),(1,29),(34,19))
32((12,17),(26,7),(20,32))
33((26,9),(23,10),(1,24),(25,27))
34((23,25),(16,32),(12,39),(17,8),(7,18),(31,19))
35((12,14),(4,14),(12,31))
36((28,8))
37((31,41),(42,5),(27,24),(18,16))
38((16,9),(11,12),(9,2))
39((4,18))
40((2,6),(42,26),(6,33))
41((2,45))
42((37,5),(3,46),(40,26),(4,23))
43((9,23))
