0((1,12),(2,14),(3,9),(5,42),(31,39),(40,44),(44,1),(52,2))
1((0,12),(8,36),(10,36),(20,22),(68,35),(45,5),(2,3),(49,5),(55,33))
2((0,14),(4,16),(25,8),(1,3))
3((0,9),(9,1),(15,17),(18,44),(24,37),(56,6),(23,29),(6,40),(8,36),(61,43))
4((2,16),(6,47),(7,12),(61,21),(50,47))
5((0,42),(21,2))
6((4,47),(37,23),(44,41),(41,44),(31,38),(3,40),(19,46))
7((4,12),(11,48),(12,21))
8((1,36),(17,41),(19,43),(35,45),(52,7),(3,36))
9((3,1),(16,2))
10((1,36),(13,31),(63,15),(41,10),(27,9),(63,15),(55,48))
11((7,48),(14,24),(27,14),(42,43),(55,39))
12((7,21),(51,2),(69,20),(31,13),(66,33),(65,23))
13((10,31),(36,14))
14((11,24),(49,34),(60,46),(28,1))
15((3,17),(41,50),(26,23))
16((9,2))
17((8,41),(29,40),(70,35))
18((3,44),(37,26),(35,7))
19((8,43),(22,39),(28,37),(36,45),(6,46))
20((1,22),(23,30),(53,17))
21((5,2),(34,14),(38,41),(26,46))
22((19,39),(66,37))
23((20,30),(26,34),(50,9),(3,29),(47,20))
24((3,37),(57,2))
25((2,8),(30,11),(64,31),(65,33))
26((23,34),(38,25),(15,23),(70,38),(21,46))
27((11,14),(47,4),(58,16),(10,9))
28((19,37),(32,46),(14,1))
29((17,40),(53,13))
30((25,11),(33,35),(39,43))
31((0,39),(45,42),(48,5),(12,13),(6,38),(53,7))
32((28,46),(66,43),(62,2),(53,21),(63,9))
33((30,35))
34((21,14),(39,19),(44,6))
35((8,45),(43,44),(18,7))
36((13,14),(46,12),(47,48),(19,45),(62,36))
37((6,23),(18,26),(45,1))
38((26,25),(43,14),(21,41))
39((34,19),(66,41),(54,35),(30,43))
40((0,44),(64,5),(46,29),(44,45))
41((15,50),(10,10),(58,43),(6,44),(51,16))
42((11,43))
43((35,44),(62,38),(69,5),(38,14))
44((34,6),(6,41),(0,1),(40,45))
45((31,42),(1,5),(37,1))
46((36,12),(40,29))
47((27,4),(54,11),(63,36),(48,20),(52,27),(36,48),(54,38),(23,20))
48((31,5),(47,20))
49((14,34),(59,42),(1,5))
50((23,9),(4,47))
51((12,2),(57,31),(41,16))
52((8,7),(67,50),(47,27),(0,2))
53((20,17),(32,21),(31,7),(68,45),(29,13))
54((47,11),(47,38),(39,35))
55((11,39),(10,48),(1,33))
56((3,6))
57((24,2),(51,31),(65,31))
58((27,16),(65,6),(41,43))
59((49,42))
60((14,46),(61,26))
61((4,21),(60,26),(3,43))
62((43,38),(32,2),(36,36))
63((10,15),(47,36),(32,9),(68,46),(10,15))
64((40,5),(25,31))
65((58,6),(12,23),(71,42),(25,33),(57,31))
66((39,41),(32,43),(12,33),(22,37))
67((52,50))
68((1,35),(63,46),(53,45))
69((12,20),(43,5))
70((17,35),(26,38))
71((65,42))
