0((1,38),(3,2),(15,22),(16,4),(11,44),(30,50),(30,49),(17,15))
1((0,38),(2,12),(4,6),(6,19),(24,39),(21,30))
2((1,12),(8,12),(11,27),(17,18),(7,45))
3((0,2),(21,23))
4((1,6),(5,28),(7,37),(19,45),(6,42),(13,22))
5((4,28),(12,45),(23,9))
6((1,19),(30,18),(4,42))
7((4,37),(9,20),(2,45))
8((2,12),(18,19))
9((7,20),(10,25))
10((9,25),(28,39),(26,9),(21,41))
11((2,27),(13,40),(14,27),(26,16),(0,44),(13,42))
12((5,45),(30,49))
13((11,40),(14,13),(11,42),(4,22))
14((11,27),(13,13),(27,14),(26,14),(17,36))
15((0,22),(20,34),(24,38),(20,5),(19,43))
16((0,4),(22,16))
17((2,18),(29,35),(0,15),(14,36))
18((8,19),(20,3))
19((4,45),(15,43))
20((15,34),(18,3),(15,5))
21((3,23),(10,41),(1,30))
22((16,16),(25,7))
23((5,9))
24((15,38),(27,21),(1,39),(28,22))
25((22,7))
26((11,16),(10,9),(14,14))
27((24,21),(14,14))
28((10,39),(24,22))
29((17,35))
30((6,18),(12,49),(0,50),(0,49))
