0((1,34),(2,49),(4,34),(12,27),(25,16),(7,15),(13,48))
1((0,34),(3,44),(55,28))
2((0,49),(9,19),(13,36),(42,44),(14,7))
3((1,44),(5,29),(6,40),(7,47),(49,14),(59,37))
4((0,34),(8,34),(10,3),(52,16),(48,19),(35,41),(49,17))
5((3,29))
6((3,40),(15,10),(27,25),(38,26),(37,24),(42,25))
7((3,47),(11,33),(16,49),(36,9),(0,15),(37,25))
8((4,34),(22,34),(44,35),(19,22))
9((2,19),(51,46),(42,16))
10((4,3),(19,44),(50,12),(44,8))
11((7,33),(14,38),(31,28),(50,39),(23,45))
12((0,27),(20,18))
13((2,36),(17,25),(19,15),(0,48),(36,27))
14((11,38),(54,18),(55,11),(2,7))
15((6,10),(18,15),(24,19),(45,1),(59,25))
16((7,49),(26,34),(33,37),(35,10),(40,19))
17((13,25),(22,36),(40,10))
18((15,15),(21,43),(30,48),(47,14),(33,24),(25,38))
19((10,44),(51,17),(13,15),(8,22),(24,43))
20((12,18),(29,26),(42,50))
21((18,43),(28,5),(33,36))
22((8,34),(23,30),(17,36))
23((22,30),(34,48),(37,32),(39,39),(49,12),(11,45))
24((15,19),(42,20),(19,43))
25((0,16),(56,11),(32,34),(27,42),(18,38),(44,46),(39,16))
26((16,34))
27((6,25),(25,42),(51,20))
28((21,5),(32,2),(57,37))
29((20,26),(32,24),(38,28))
30((18,48),(43,26))
31((11,28),(49,47))
32((28,2),(41,49),(25,34),(29,24))
33((16,37),(18,24),(21,36),(35,50))
34((23,48),(58,41))
35((16,10),(45,43),(47,46),(33,50),(4,41))
36((7,9),(13,27))
37((23,32),(6,24),(7,25),(41,28))
38((6,26),(48,47),(29,28))
39((23,39),(42,15),(46,11),(25,16))
40((16,19),(17,10))
41((32,49),(53,7),(37,28))
42((20,50),(24,20),(39,15),(56,18),(2,44),(6,25),(9,16))
43((30,26),(46,26),(52,49),(57,28),(55,39))
44((8,35),(10,8),(25,46))
45((35,43),(15,1))
46((43,26),(39,11),(50,22))
47((18,14),(35,46))
48((38,47),(4,19))
49((3,14),(31,47),(23,12),(60,38),(4,17))
50((10,12),(11,39),(46,22))
51((19,17),(27,20),(9,46))
52((43,49),(4,16))
53((41,7))
54((14,18),(57,39))
55((1,28),(43,39),(14,11))
56((25,11),(42,18))
57((54,39),(43,28),(60,42),(28,37))
58((34,41))
59((3,37),(15,25))
60((57,42),(49,38))
