0((1,37),(2,3),(5,48),(16,14),(20,45),(37,3),(35,49),(78,32),(25,33),(13,33))
1((0,37),(11,21),(30,44),(50,45),(17,37),(26,48),(67,29))
2((0,3),(3,38),(13,12),(31,40),(40,18),(69,49),(22,40),(77,4),(81,27))
3((2,38),(4,31),(6,5),(14,48),(62,47),(25,49),(45,23))
4((3,31),(8,13),(10,25),(18,34),(19,44),(67,29))
5((0,48),(49,44),(58,32))
6((3,5),(7,12),(25,48),(65,21),(80,31),(94,23))
7((6,12),(9,8),(29,29))
8((4,13),(17,7),(27,49),(28,42))
9((7,8),(44,14),(33,47))
10((4,25),(63,46),(54,50))
11((1,21),(12,5),(87,22),(36,12))
12((11,5),(21,27),(24,37),(26,7),(45,6),(70,39),(69,17))
13((2,12),(15,46),(47,40),(53,17),(67,40),(62,36),(0,33),(81,25))
14((3,48),(22,6),(57,31),(68,15),(35,22))
15((13,46),(56,44),(44,3))
16((0,14),(54,19),(66,46))
17((8,7),(23,50),(1,37))
18((4,34),(35,22),(42,42),(73,50),(69,38),(25,46))
19((4,44),(63,44),(66,42),(28,3))
20((0,45),(89,4))
21((12,27),(36,11),(32,49))
22((14,6),(2,40))
23((17,50),(34,35),(55,46),(70,9))
24((12,37),(54,43),(30,13),(35,18),(78,9))
25((6,48),(39,16),(41,45),(0,33),(3,49),(18,46),(94,42))
26((12,7),(1,48),(59,44))
27((8,49),(74,43),(32,47),(90,21))
28((8,42),(52,37),(19,3))
29((7,29),(89,14))
30((1,44),(33,15),(48,36),(71,28),(80,15),(24,13))
31((2,40),(32,37),(46,42),(53,26))
32((31,37),(27,47),(41,2),(63,31),(21,49))
33((30,15),(54,10),(64,6),(86,20),(9,47))
34((23,35),(38,6),(77,9))
35((18,22),(0,49),(14,22),(24,18))
36((21,11),(94,43),(11,12))
37((0,3))
38((34,6),(72,15),(75,25),(62,8),(55,26),(83,28))
39((25,16))
40((2,18),(43,50),(59,7))
41((25,45),(72,28),(83,49),(32,2))
42((18,42))
43((40,50),(61,30))
44((9,14),(15,3))
45((12,6),(60,18),(76,48),(3,23),(78,15),(92,9))
46((31,42))
47((13,40),(84,44),(65,6),(97,42),(68,6),(81,2),(54,39))
48((30,36),(92,1),(92,7))
49((5,44),(69,2),(85,13),(80,41))
50((1,45),(51,46),(87,9))
51((50,46))
52((28,37),(72,47))
53((13,17),(85,21),(31,26))
54((33,10),(82,15),(96,8),(24,43),(55,48),(16,19),(47,39),(10,50))
55((23,46),(54,48),(38,26),(78,7),(69,36))
56((15,44))
57((14,31),(76,49),(71,30))
58((5,32),(80,12),(88,13),(64,18),(75,5),(88,48))
59((40,7),(79,27),(83,27),(87,43),(90,44),(26,44))
60((45,18),(88,11),(79,3))
61((43,30),(80,28),(93,10),(96,15))
62((3,47),(13,36),(38,8))
63((19,44),(78,6),(91,13),(10,46),(32,31))
64((33,6),(58,18),(92,34))
65((6,21),(47,6))
66((19,42),(88,37),(89,7),(16,46))
67((13,40),(1,29),(4,29))
68((14,15),(47,6))
69((2,49),(18,38),(49,2),(89,8),(12,17),(55,36))
70((23,9),(81,7),(12,39),(92,33))
71((30,28),(57,30))
72((38,15),(91,40),(41,28),(52,47))
73((18,50))
74((27,43))
75((38,25),(93,41),(58,5))
76((45,48),(57,49))
77((34,9),(2,4))
78((63,6),(0,32),(45,15),(55,7),(24,9))
79((59,27),(60,3))
80((58,12),(61,28),(30,15),(49,41),(6,31))
81((70,7),(95,12),(47,2),(13,25),(90,28),(2,27))
82((54,15))
83((59,27),(94,2),(38,28),(41,49))
84((47,44))
85((53,21),(49,13),(87,36))
86((33,20),(90,38))
87((59,43),(50,9),(11,22),(85,36))
88((58,13),(58,48),(66,37),(60,11))
89((20,4),(93,16),(69,8),(29,14),(66,7))
90((86,38),(59,44),(27,21),(81,28))
91((63,13),(72,40))
92((48,1),(48,7),(64,34),(70,33),(45,9))
93((89,16),(61,10),(75,41))
94((36,43),(83,2),(25,42),(6,23))
95((81,12))
96((54,8),(61,15))
97((47,42))
