0((1,31),(3,16),(34,23))
1((0,31),(2,10),(6,39),(11,4),(43,18))
2((1,10),(4,11),(5,13),(15,43),(19,5),(16,34),(39,50))
3((0,16),(7,34),(19,3),(25,50))
4((2,11),(32,16),(33,33),(31,15))
5((2,13),(8,14),(16,36),(27,45),(39,25),(38,7))
6((1,39),(30,25))
7((3,34),(9,18),(30,37),(42,3),(34,33))
8((5,14),(10,4),(23,29),(35,3),(29,3))
9((7,18),(13,13),(14,9),(10,15),(19,17),(12,20))
10((8,4),(9,15))
11((1,4),(12,42))
12((11,42),(25,27),(9,20))
13((9,13),(38,33))
14((9,9),(17,43),(18,28),(26,50),(15,1),(33,49))
15((2,43),(20,32),(22,33),(21,8),(14,1))
16((5,36),(41,35),(2,34))
17((14,43),(37,21),(38,25),(44,6),(32,42))
18((14,28),(21,43),(36,19))
19((2,5),(28,7),(35,17),(36,26),(3,3),(9,17),(44,44))
20((15,32),(30,19),(26,23),(36,45),(28,1))
21((18,43),(24,32),(15,8))
22((15,33))
23((8,29),(29,5),(31,1))
24((21,32),(41,37),(25,16))
25((12,27),(45,3),(3,50),(24,16))
26((14,50),(46,20),(20,23),(31,30),(42,2))
27((5,45))
28((19,7),(31,42),(20,1))
29((23,5),(8,3))
30((7,37),(38,11),(20,19),(6,25))
31((23,1),(26,30),(4,15),(28,42))
32((4,16),(17,42),(38,35))
33((4,33),(14,49))
34((0,23),(43,18),(7,33))
35((19,17),(8,3))
36((19,26),(18,19),(20,45),(45,12))
37((17,21),(43,5))
38((17,25),(30,11),(13,33),(5,7),(32,35))
39((5,25),(40,29),(2,50))
40((39,29))
41((24,37),(46,50),(16,35))
42((7,3),(26,2))
43((34,18),(1,18),(37,5))
44((17,6),(19,44))
45((25,3),(36,12))
46((41,50),(26,20))
