0((1,22),(2,23),(4,42),(6,32),(10,2),(20,16),(97,8),(52,22),(73,33),(36,26),(6,23))
1((0,22),(3,41),(26,10),(56,22),(79,29),(91,20),(104,26),(73,33),(86,30),(34,2),(104,44))
2((0,23),(5,22),(12,12),(108,2),(81,12),(7,6))
3((1,41),(14,3))
4((0,42),(7,38),(52,35),(71,40),(105,28),(90,33),(45,34))
5((2,22),(9,24),(17,37),(83,23),(81,39),(26,34))
6((0,32),(13,19),(18,12),(28,49),(40,21),(54,38),(32,43),(0,23))
7((4,38),(8,24),(41,28),(74,37),(84,29),(33,20),(85,30),(2,6))
8((7,24),(14,44),(31,19),(70,20),(75,27),(28,14),(102,11))
9((5,24),(33,44),(34,42),(31,17),(71,16))
10((0,2),(11,9),(43,45),(101,7),(57,50),(75,20))
11((10,9),(15,37),(32,6),(109,48),(73,48))
12((2,12),(16,50),(59,24),(85,29),(31,4))
13((6,19),(21,25),(108,34),(40,45),(52,16))
14((8,44),(19,21),(23,34),(55,16),(3,3),(47,19))
15((11,37),(29,17),(44,18),(34,5),(108,38),(109,35),(69,39),(62,25))
16((12,50),(30,14),(45,49),(26,14))
17((5,37),(32,39),(102,12),(105,47))
18((6,12),(22,38),(51,49),(54,45),(74,23),(45,35))
19((14,21),(24,15),(63,10),(94,47),(66,4))
20((0,16))
21((13,25),(27,41),(35,43),(54,49),(76,5))
22((18,38),(39,15),(57,43),(93,16),(108,33))
23((14,34),(25,40),(70,19),(83,16))
24((19,15),(36,49))
25((23,40),(74,19))
26((1,10),(97,1),(5,34),(16,14))
27((21,41),(49,25),(53,33),(81,34))
28((6,49),(59,8),(61,41),(68,42),(103,38),(63,1),(8,14),(60,23))
29((15,17),(62,4))
30((16,14),(82,2),(98,22))
31((8,19),(9,17),(62,31),(34,41),(12,4))
32((17,39),(73,6),(86,5),(11,6),(6,43),(60,7),(67,17))
33((9,44),(7,20))
34((9,42),(37,36),(35,30),(15,5),(31,41),(1,2),(93,42))
35((21,43),(34,30),(42,35),(84,32),(87,10))
36((24,49),(38,19),(0,26),(71,38))
37((34,36),(42,28),(100,21),(49,49),(57,4))
38((36,19))
39((22,15),(46,26),(79,6))
40((6,21),(60,23),(76,50),(13,45),(95,48))
41((7,28),(50,35),(57,31))
42((37,28),(35,35))
43((10,45),(107,8),(66,29))
44((15,18),(48,34),(92,7),(108,1))
45((16,49),(57,39),(85,9),(18,35),(4,34))
46((39,26),(47,2))
47((46,2),(64,48),(95,17),(14,19))
48((44,34),(66,6),(67,20))
49((27,25),(37,49),(56,48),(59,15))
50((41,35))
51((18,49))
52((4,35),(0,22),(13,16),(99,9),(104,10))
53((27,33),(94,42),(96,6))
54((6,38),(58,19),(69,36),(21,49),(18,45),(108,20))
55((14,16))
56((1,22),(78,33),(49,48))
57((22,43),(65,25),(72,8),(10,50),(37,4),(41,31),(104,43),(45,39))
58((54,19),(98,13),(99,36),(95,46))
59((28,8),(12,24),(102,41),(49,15))
60((40,23),(97,47),(28,23),(32,7))
61((28,41),(89,3),(63,22),(62,26))
62((29,4),(77,6),(85,40),(73,47),(31,31),(64,6),(15,25),(61,26))
63((19,10),(28,1),(61,22))
64((47,48),(62,6))
65((57,25))
66((48,6),(86,13),(19,4),(43,29))
67((48,20),(32,17),(76,37))
68((28,42))
69((54,36),(15,39))
70((8,20),(90,14),(23,19))
71((4,40),(88,49),(9,16),(36,38))
72((57,8),(104,12),(74,4),(87,42))
73((32,6),(87,49),(62,47),(1,33),(95,30),(11,48),(0,33))
74((7,37),(80,12),(25,19),(98,9),(18,23),(72,4))
75((8,27),(96,18),(10,20))
76((40,50),(21,5),(67,37))
77((62,6))
78((56,33))
79((1,29),(39,6))
80((74,12))
81((27,34),(82,35),(5,39),(2,12))
82((81,35),(30,2))
83((5,23),(23,16))
84((7,29),(35,32))
85((62,40),(7,30),(12,29),(90,20),(45,9))
86((32,5),(1,30),(66,13))
87((73,49),(88,20),(72,42),(35,10))
88((87,20),(71,49))
89((61,3))
90((70,14),(4,33),(85,20))
91((1,20))
92((44,7))
93((22,16),(34,42))
94((53,42),(19,47))
95((47,17),(73,30),(58,46),(40,48))
96((53,6),(75,18))
97((60,47),(0,8),(26,1))
98((58,13),(74,9),(30,22))
99((58,36),(52,9))
100((37,21),(106,36))
101((10,7))
102((17,12),(59,41),(8,11))
103((28,38))
104((1,26),(72,12),(1,44),(57,43),(52,10))
105((4,28),(17,47))
106((100,36))
107((43,8))
108((13,34),(15,38),(54,20),(2,2),(44,1),(22,33))
109((15,35),(11,48))
