0((1,38),(3,14),(19,32),(20,5),(42,5),(72,36),(23,4))
1((0,38),(2,36),(18,28),(36,21),(35,29))
2((1,36),(37,39))
3((0,14),(4,3),(7,3),(8,8),(16,14),(43,26),(45,32),(70,37))
4((3,3),(5,10),(9,31),(12,36),(81,16))
5((4,10),(6,46),(30,32),(76,33),(35,5),(38,47),(66,42))
6((5,46),(23,41),(72,3))
7((3,3),(14,16),(18,4))
8((3,8),(10,19),(13,20),(24,19),(27,30),(42,16),(17,35),(52,9))
9((4,31),(11,36),(32,45),(80,13),(74,22))
10((8,19),(21,29),(29,15),(35,29),(46,47))
11((9,36),(26,21),(75,16))
12((4,36),(17,43),(74,37),(34,39))
13((8,20),(15,26),(36,17),(47,6),(16,26))
14((7,16),(40,16),(53,46),(58,25),(51,13))
15((13,26),(34,11),(73,15))
16((3,14),(22,41),(25,34),(63,41),(13,26),(24,15),(70,45))
17((12,43),(70,20),(8,35),(38,5))
18((1,28),(7,4),(81,19),(61,7))
19((0,32),(34,8))
20((0,5),(71,4),(80,37),(33,21))
21((10,29),(67,18))
22((16,41),(48,11))
23((6,41),(37,15),(0,4))
24((8,19),(16,15))
25((16,34),(28,6),(69,9),(76,45),(55,28))
26((11,21),(31,25),(56,44))
27((8,30),(62,18),(48,7),(54,6))
28((25,6),(38,25),(71,44),(80,17),(55,22),(73,50))
29((10,15),(55,1),(68,36),(34,34))
30((5,32),(49,35),(83,18))
31((26,25),(33,35),(41,45),(81,18),(62,41))
32((9,45),(65,47),(82,46),(33,2))
33((31,35),(51,42),(32,2),(20,21))
34((15,11),(44,50),(66,1),(19,8),(29,34),(56,9),(12,39))
35((10,29),(39,22),(60,31),(67,6),(5,5),(1,29))
36((13,17),(45,14),(1,21),(64,20))
37((2,39),(63,29),(23,15))
38((28,25),(17,5),(56,12),(5,47),(80,16))
39((35,22))
40((14,16),(46,20),(45,38))
41((31,45),(62,49),(63,23))
42((0,5),(8,16),(49,7))
43((3,26))
44((34,50))
45((3,32),(52,29),(61,15),(76,26),(36,14),(62,43),(68,1),(40,38))
46((40,20),(50,23),(78,26),(10,47))
47((13,6))
48((22,11),(27,7))
49((30,35),(42,7))
50((46,23),(74,34))
51((33,42),(83,22),(14,13),(78,3))
52((45,29),(54,14),(67,8),(53,45),(8,9))
53((14,46),(57,48),(59,50),(52,45))
54((52,14),(56,10),(64,13),(77,12),(27,6))
55((29,1),(25,28),(63,22),(57,16),(28,22))
56((54,10),(34,9),(38,12),(26,44))
57((53,48),(55,16))
58((14,25),(76,47))
59((53,50),(79,17),(80,13))
60((35,31),(66,3))
61((45,15),(18,7))
62((41,49),(73,48),(31,41),(45,43),(27,18))
63((37,29),(16,41),(83,16),(55,22),(41,23))
64((54,13),(67,14),(84,50),(71,36),(36,20))
65((32,47))
66((34,1),(60,3),(5,42))
67((52,8),(64,14),(35,6),(70,48),(21,18))
68((29,36),(45,1))
69((25,9))
70((17,20),(73,29),(3,37),(67,48),(16,45))
71((20,4),(82,38),(28,44),(64,36))
72((0,36),(6,3))
73((62,48),(76,50),(70,29),(15,15),(28,50))
74((50,34),(12,37),(9,22))
75((11,16),(76,24))
76((73,50),(25,45),(45,26),(5,33),(58,47),(75,24))
77((54,12),(84,30))
78((46,26),(51,3))
79((59,17))
80((59,13),(28,17),(20,37),(9,13),(38,16))
81((31,18),(18,19),(4,16))
82((71,38),(32,46))
83((51,22),(30,18),(63,16))
84((64,50),(77,30))
