0((1,8),(2,39),(4,22),(5,19),(10,38),(11,22),(12,12),(21,48),(33,4))
1((0,8),(3,33),(18,44),(36,39),(39,36),(36,49),(9,21))
2((0,39),(41,47))
3((1,33),(15,1))
4((0,22),(22,18),(23,15),(27,36),(32,44),(28,38))
5((0,19),(6,35),(9,10),(30,38))
6((5,35),(7,25),(25,22),(33,4),(35,32))
7((6,25),(8,43),(13,31),(14,30),(17,16),(24,27),(44,15))
8((7,43),(43,26),(30,40),(34,34))
9((5,10),(38,25),(1,21),(13,50))
10((0,38),(36,26),(35,16),(11,10))
11((0,22),(40,22),(10,10))
12((0,12),(16,37),(20,9),(40,16),(41,20),(20,9),(26,49))
13((7,31),(9,50),(41,14))
14((7,30),(29,2),(31,32),(37,4))
15((3,1),(29,27))
16((12,37),(19,18),(28,37),(31,11),(42,12))
17((7,16),(30,39),(18,6))
18((1,44),(34,2),(17,6))
19((16,18),(29,44),(42,1))
20((12,9),(36,47),(12,9))
21((0,48))
22((4,18),(27,32))
23((4,15),(32,33),(29,33))
24((7,27),(26,33))
25((6,22))
26((24,33),(12,49))
27((4,36),(22,32),(28,48))
28((16,37),(27,48),(4,38))
29((19,44),(15,27),(14,2),(23,33),(34,11))
30((5,38),(17,39),(8,40))
31((16,11),(37,39),(32,38),(14,32))
32((4,44),(23,33),(31,38))
33((6,4),(0,4))
34((18,2),(8,34),(29,11))
35((6,32),(37,49),(10,16),(40,16))
36((1,39),(1,49),(40,11),(10,26),(20,47))
37((31,39),(35,49),(38,12),(14,4))
38((9,25),(37,12))
39((1,36))
40((12,16),(36,11),(11,22),(35,16))
41((12,20),(2,47),(13,14))
42((16,12),(19,1))
43((8,26))
44((7,15))
