0((1,16),(2,16),(6,9),(10,28),(28,25),(58,38),(7,12),(94,19),(6,14))
1((0,16),(5,40),(51,36),(60,29),(91,10),(80,33))
2((0,16),(3,49),(4,48),(19,11),(79,17),(99,19),(63,36),(102,15))
3((2,49),(7,46),(12,30),(45,34),(103,47),(23,39),(37,39),(69,33))
4((2,48),(9,43),(23,24),(31,17),(40,9),(43,23),(64,17),(28,4),(49,14),(26,31),(30,35))
5((1,40),(11,33),(21,43),(22,23),(36,43),(59,39),(26,44),(19,50))
6((0,9),(8,48),(34,27),(91,20),(0,14),(41,26))
7((3,46),(14,9),(16,28),(20,15),(25,41),(26,37),(0,12),(51,26))
8((6,48),(15,35),(84,21))
9((4,43),(13,22),(24,43),(82,7),(54,41))
10((0,28),(30,17),(35,37),(38,25),(71,24),(81,41),(84,3))
11((5,33),(18,13),(26,14),(59,37))
12((3,30),(32,28),(98,33),(45,3))
13((9,22))
14((7,9),(52,25),(87,32),(81,29))
15((8,35),(17,1),(49,33),(78,5),(31,28))
16((7,28),(73,7),(34,41),(68,35),(79,14),(75,12),(21,16))
17((15,1),(50,22),(67,13),(33,23))
18((11,13),(46,39),(59,17),(68,2))
19((2,11),(29,19),(5,50))
20((7,15),(33,36),(33,22))
21((5,43),(32,34),(23,48),(86,7),(40,45),(16,16))
22((5,23),(69,10))
23((4,24),(3,39),(21,48))
24((9,43),(47,24),(54,33),(54,38))
25((7,41),(39,48))
26((11,14),(27,5),(55,50),(5,44),(7,37),(91,30),(4,31))
27((26,5),(38,42))
28((0,25),(41,46),(4,4),(102,16),(45,22))
29((19,19),(75,2),(86,19),(61,44))
30((10,17),(44,15),(57,13),(61,1),(4,35))
31((4,17),(48,18),(81,21),(15,28))
32((12,28),(21,34),(74,38))
33((20,36),(56,47),(99,30),(17,23),(61,16),(20,22),(103,48))
34((6,27),(96,4),(16,41))
35((10,37),(37,27),(42,6),(48,33))
36((5,43),(94,5),(105,9))
37((35,27),(65,12),(3,39))
38((10,25),(97,25),(27,42),(45,46),(51,43),(41,36),(89,12))
39((25,48),(83,17),(79,23))
40((4,9),(53,32),(21,45))
41((28,46),(97,22),(38,36),(6,26),(42,19))
42((35,6),(62,12),(69,4),(41,19))
43((4,23),(95,7))
44((30,15),(72,5),(76,35),(83,14),(88,30),(86,27))
45((3,34),(38,46),(12,3),(28,22))
46((18,39),(88,8))
47((24,24),(104,23),(59,15),(82,24),(61,11),(57,46))
48((35,33),(31,18))
49((15,33),(63,3),(91,8),(4,14))
50((17,22),(70,24))
51((1,36),(82,30),(95,44),(7,26),(54,11),(38,43))
52((14,25),(68,26),(73,12))
53((40,32),(66,18))
54((24,33),(24,38),(51,11),(9,41),(73,12))
55((26,50),(85,15))
56((33,47),(77,24))
57((30,13),(72,14),(47,46))
58((0,38),(92,43),(94,20))
59((18,17),(66,28),(47,15),(5,39),(11,37),(81,35))
60((1,29),(86,13))
61((30,1),(80,46),(85,47),(47,11),(29,44),(33,16))
62((42,12),(74,14))
63((49,3),(2,36),(78,27))
64((4,17),(93,46))
65((37,12),(66,2),(79,44))
66((65,2),(89,31),(59,28),(53,18))
67((17,13),(85,11),(78,49))
68((52,26),(16,35),(18,2))
69((22,10),(78,23),(42,4),(3,33))
70((50,24),(77,23))
71((10,24),(101,27))
72((44,5),(57,14))
73((52,12),(16,7),(54,12))
74((62,14),(32,38))
75((29,2),(16,12))
76((44,35),(100,37))
77((70,23),(100,38),(56,24))
78((69,23),(67,49),(15,5),(63,27))
79((2,17),(16,14),(65,44),(39,23))
80((61,46),(103,39),(1,33))
81((10,41),(90,43),(101,1),(59,35),(31,21),(14,29))
82((9,7),(51,30),(47,24))
83((44,14),(39,17),(90,14))
84((8,21),(10,3))
85((67,11),(55,15),(61,47),(92,27))
86((29,19),(21,7),(44,27),(60,13))
87((14,32),(100,40))
88((46,8),(44,30))
89((66,31),(99,17),(38,12))
90((81,43),(83,14))
91((49,8),(102,14),(104,43),(1,10),(26,30),(6,20))
92((58,43),(85,27))
93((64,46))
94((36,5),(100,26),(0,19),(58,20))
95((43,7),(51,44))
96((34,4),(104,22))
97((38,25),(41,22))
98((12,33),(103,42))
99((2,19),(33,30),(89,17))
100((94,26),(77,38),(76,37),(87,40))
101((81,1),(71,27))
102((91,14),(2,15),(28,16))
103((3,47),(80,39),(33,48),(98,42))
104((91,43),(47,23),(96,22),(106,18))
105((36,9))
106((104,18))
