0((1,42),(2,30),(3,19),(16,42),(7,24))
1((0,42),(9,24))
2((0,30),(5,14),(14,25))
3((0,19),(4,8),(7,14),(13,38))
4((3,8))
5((2,14),(6,15),(16,27),(21,19),(22,21),(23,24))
6((5,15),(17,30),(23,39),(7,36),(25,10))
7((3,14),(8,14),(10,8),(14,2),(6,36),(0,24),(16,40),(23,17))
8((7,14))
9((1,24),(11,16),(18,12),(20,41),(14,33))
10((7,8),(17,40))
11((9,16),(12,38),(22,32))
12((11,38),(19,17))
13((3,38))
14((7,2),(15,19),(24,39),(15,12),(2,25),(9,33))
15((14,19),(18,44),(14,12))
16((5,27),(0,42),(7,40))
17((6,30),(10,40),(21,5))
18((9,12),(15,44))
19((12,17))
20((9,41))
21((5,19),(25,20),(17,5))
22((5,21),(11,32))
23((6,39),(5,24),(7,17))
24((14,39))
25((6,10),(21,20))
