0((1,17),(5,7),(6,6),(10,41),(42,39),(34,18),(10,50))
1((0,17),(2,38),(3,30),(12,6),(44,3),(23,18),(47,23),(11,41),(11,39))
2((1,38),(4,2),(7,37),(14,8),(20,23),(45,21),(34,6),(16,17))
3((1,30),(13,41),(16,4),(23,30),(37,32))
4((2,2))
5((0,7),(15,30),(22,5),(19,1),(29,18))
6((0,6),(9,37),(11,25),(29,27),(25,6))
7((2,37),(8,9),(46,18))
8((7,9),(33,8),(40,26),(23,32))
9((6,37),(22,10),(14,30),(11,23))
10((0,41),(31,20),(28,27),(31,9),(0,50))
11((6,25),(47,33),(29,45),(9,23),(1,41),(1,39))
12((1,6),(41,18))
13((3,41),(20,24))
14((2,8),(39,42),(9,30),(45,2))
15((5,30),(17,31),(18,19),(26,48))
16((3,4),(21,7),(2,17),(35,40))
17((15,31),(24,32),(25,37),(27,9),(32,49),(42,26))
18((15,19),(19,37),(35,42))
19((18,37),(5,1))
20((2,23),(36,15),(13,24),(36,10),(41,24))
21((16,7),(35,33),(45,25),(43,43),(31,7))
22((9,10),(5,5),(39,47))
23((3,30),(43,7),(1,18),(43,19),(25,17),(8,32))
24((17,32))
25((17,37),(28,41),(34,10),(6,6),(23,17))
26((15,48),(38,1),(48,24))
27((17,9))
28((25,41),(30,34),(37,20),(10,27),(40,41),(39,49))
29((6,27),(11,45),(5,18))
30((28,34))
31((10,20),(45,30),(21,7),(10,9))
32((17,49))
33((8,8))
34((25,10),(2,6),(0,18))
35((21,33),(16,40),(18,42))
36((20,15),(20,10))
37((28,20),(3,32))
38((26,1),(47,7))
39((14,42),(22,47),(28,49))
40((8,26),(28,41))
41((12,18),(20,24))
42((0,39),(17,26))
43((23,7),(23,19),(21,43))
44((1,3),(47,26))
45((2,21),(31,30),(21,25),(14,2))
46((7,18))
47((11,33),(38,7),(44,26),(1,23))
48((26,24))
