0((1,24),(3,40),(61,4),(72,22),(53,10))
1((0,24),(2,39),(37,5))
2((1,39),(8,12),(11,26),(36,10),(43,36))
3((0,40),(4,7),(5,2),(6,48),(21,46),(80,36),(63,22))
4((3,7),(16,23),(17,3),(19,46),(31,16),(39,11),(47,43),(69,38),(70,20))
5((3,2),(14,45),(33,1),(74,46),(82,2))
6((3,48),(7,26),(9,14),(38,44),(40,47),(49,19),(82,5))
7((6,26),(35,9),(65,37),(70,36))
8((2,12),(10,40),(20,21),(23,39),(62,11),(79,38),(30,36))
9((6,14),(24,8),(29,39),(53,25),(61,18))
10((8,40),(12,25),(73,7))
11((2,26),(13,48),(68,19),(85,24))
12((10,25),(15,27),(59,43),(52,19),(58,42),(72,32))
13((11,48),(48,15))
14((5,45),(46,35),(49,8),(64,22))
15((12,27),(18,39),(31,27),(66,13),(45,32))
16((4,23),(22,33),(34,16),(88,39),(52,20),(65,31),(35,24))
17((4,3),(28,38),(30,14),(54,45))
18((15,39),(61,2),(50,15),(86,35),(56,3))
19((4,46),(42,34),(67,18),(20,1),(42,30))
20((8,21),(44,5),(19,1),(67,46))
21((3,46),(27,37),(85,22))
22((16,33),(25,27),(63,22),(41,39),(87,41),(74,17),(74,17))
23((8,39),(54,15),(72,44))
24((9,8),(26,48),(80,5))
25((22,27),(32,35),(84,18),(72,28),(39,50),(74,43))
26((24,48))
27((21,37),(45,28),(58,22),(72,50),(82,25))
28((17,38),(44,18),(84,21))
29((9,39),(30,20))
30((17,14),(41,33),(50,10),(51,14),(29,20),(74,39),(8,36))
31((4,16),(15,27),(55,6))
32((25,35),(79,27),(39,20))
33((5,1),(66,17))
34((16,16),(89,30),(58,45))
35((7,9),(16,24),(71,50))
36((2,10),(37,36),(44,29))
37((36,36),(52,21),(62,23),(77,16),(61,23),(1,5))
38((6,44),(71,41))
39((4,11),(25,50),(32,20))
40((6,47))
41((30,33),(87,31),(22,39),(62,31),(62,27))
42((19,34),(19,30))
43((2,36),(56,2),(78,43),(81,21),(64,7))
44((36,29),(28,18),(20,5))
45((27,28),(65,2),(15,32),(47,27))
46((14,35),(57,17),(70,32))
47((4,43),(45,27))
48((13,15))
49((6,19),(14,8))
50((30,10),(18,15),(60,47))
51((30,14),(88,31),(80,32))
52((37,21),(16,20),(12,19))
53((9,25),(88,18),(56,23),(0,10))
54((23,15),(55,10),(77,33),(17,45))
55((54,10),(31,6))
56((43,2),(18,3),(68,18),(68,38),(53,23))
57((46,17),(64,43))
58((27,22),(12,42),(34,45))
59((12,43),(60,28),(76,21))
60((59,28),(50,47),(66,12))
61((18,2),(37,23),(0,4),(9,18))
62((37,23),(8,11),(66,27),(41,31),(70,22),(41,27))
63((22,22),(80,14),(3,22))
64((57,43),(43,7),(14,22))
65((7,37),(88,1),(45,2),(16,31))
66((33,17),(62,27),(15,13),(60,12))
67((19,18),(75,22),(89,6),(20,46))
68((11,19),(78,11),(56,18),(56,38))
69((4,38),(89,49))
70((4,20),(46,32),(7,36),(62,22))
71((38,41),(79,40),(79,44),(35,50))
72((27,50),(86,29),(23,44),(25,28),(0,22),(12,32))
73((10,7),(76,43))
74((5,46),(30,39),(25,43),(22,17),(88,5),(22,17))
75((67,22))
76((73,43),(59,21),(89,17),(91,22))
77((37,16),(85,10),(80,4),(54,33))
78((43,43),(68,11))
79((32,27),(71,40),(71,44),(8,38))
80((24,5),(63,14),(77,4),(3,36),(51,32))
81((43,21))
82((27,25),(83,49),(5,2),(6,5))
83((82,49))
84((25,18),(28,21))
85((77,10),(90,22),(11,24),(21,22))
86((72,29),(18,35))
87((41,31),(89,50),(22,41))
88((16,39),(65,1),(51,31),(53,18),(74,5))
89((67,6),(34,30),(76,17),(87,50),(69,49))
90((85,22))
91((76,22))
