0((1,39),(3,31))
1((0,39),(2,1),(7,4),(15,21),(52,30),(30,28))
2((1,1),(4,24),(8,32),(13,33),(36,48),(29,24),(76,4),(13,4))
3((0,31),(5,20),(6,11),(33,23),(38,31),(45,15),(105,15),(5,25),(87,37),(61,2))
4((2,24),(81,13),(80,22),(18,24),(20,22),(95,22))
5((3,20),(9,42),(10,33),(14,1),(31,43),(3,25))
6((3,11),(17,2))
7((1,4),(12,31),(24,47),(50,30))
8((2,32),(25,48),(46,35),(107,22),(75,14))
9((5,42),(11,44),(47,15))
10((5,33),(44,40),(18,39),(17,12))
11((9,44),(18,49),(20,14),(27,18),(86,43),(59,19),(14,13))
12((7,31),(16,50))
13((2,33),(23,18),(71,4),(2,4))
14((5,1),(28,10),(26,27),(59,11),(11,13))
15((1,21),(21,10),(22,41),(61,25))
16((12,50),(19,48),(26,48),(55,49),(77,30))
17((6,2),(28,18),(42,31),(90,42),(53,25),(39,47),(62,47),(10,12))
18((11,49),(10,39),(60,2),(4,24))
19((16,48),(34,20),(23,35),(50,27))
20((11,14),(35,10),(43,43),(67,28),(98,25),(4,22),(95,20))
21((15,10),(102,23))
22((15,41),(52,39),(57,44),(60,41),(80,5),(92,45),(99,36))
23((13,18),(58,33),(19,35))
24((7,47),(63,46),(72,17),(79,41),(45,12))
25((8,48),(86,14))
26((16,48),(29,24),(30,39),(32,28),(14,27))
27((11,18),(40,30),(105,40),(94,20),(105,45),(106,16))
28((17,18),(48,22),(69,28),(14,10),(86,32))
29((26,24),(68,28),(79,45),(2,24),(54,21))
30((26,39),(65,26),(78,33),(1,28))
31((5,43),(59,15))
32((26,28))
33((3,23),(70,10),(47,21),(76,44),(65,24),(35,32))
34((19,20),(37,12))
35((20,10),(39,4),(41,23),(84,18),(60,37),(33,32))
36((2,48))
37((34,12))
38((3,31),(76,14),(101,45),(90,49))
39((35,4),(17,47))
40((27,30),(50,1),(74,11))
41((35,23),(53,23),(87,23),(93,9))
42((17,31),(65,50))
43((20,43),(45,17),(78,17))
44((10,40),(54,49),(75,46),(89,49),(56,14))
45((43,17),(59,24),(3,15),(24,12))
46((8,35))
47((9,15),(33,21),(99,2))
48((28,22),(49,47),(51,47),(83,17))
49((48,47),(50,21),(66,37))
50((40,1),(49,21),(19,27),(66,5),(91,1),(7,30))
51((48,47),(92,39))
52((22,39),(73,25),(94,34),(57,31),(1,30),(58,2),(74,41))
53((41,23),(70,28),(93,37),(103,17),(17,25))
54((44,49),(56,21),(59,19),(62,28),(29,21),(88,27))
55((16,49))
56((54,21),(66,43),(81,25),(44,14),(91,42),(83,4))
57((22,44),(52,31),(100,46),(58,47),(83,25))
58((23,33),(85,28),(77,3),(57,47),(52,2))
59((54,19),(45,24),(73,13),(14,11),(31,15),(11,19))
60((22,41),(18,2),(35,37))
61((15,25),(64,41),(3,2))
62((54,28),(68,26),(17,47),(90,27))
63((24,46),(89,9))
64((61,41))
65((30,26),(42,50),(33,24))
66((56,43),(106,45),(94,42),(49,37),(93,40),(50,5))
67((20,28),(100,9))
68((29,28),(75,48),(62,26),(100,50))
69((28,28))
70((53,28),(33,10),(97,28))
71((13,4),(87,37))
72((24,17),(104,33))
73((52,25),(81,39),(59,13))
74((40,11),(83,25),(107,4),(52,41))
75((44,46),(68,48),(92,25),(8,14),(78,20))
76((38,14),(82,30),(96,18),(2,4),(33,44))
77((16,30),(88,14),(58,3))
78((30,33),(43,17),(85,28),(75,20))
79((24,41),(29,45))
80((22,5),(94,24),(4,22))
81((4,13),(73,39),(56,25))
82((76,30),(106,45))
83((48,17),(74,25),(56,4),(57,25))
84((35,18),(97,24))
85((58,28),(78,28),(100,34))
86((11,43),(28,32),(25,14),(102,22))
87((71,37),(41,23),(3,37),(105,14))
88((77,14),(54,27))
89((44,49),(91,5),(63,9),(102,27))
90((17,42),(95,49),(38,49),(62,27))
91((89,5),(56,42),(93,24),(50,1))
92((22,45),(96,26),(51,39),(75,25))
93((53,37),(97,23),(66,40),(41,9),(91,24))
94((52,34),(97,10),(80,24),(66,42),(27,20))
95((90,49),(20,20),(4,22))
96((92,26),(76,18))
97((94,10),(93,23),(70,28),(84,24))
98((20,25))
99((22,36),(47,2))
100((67,9),(57,46),(85,34),(68,50))
101((38,45),(104,22))
102((21,23),(89,27),(86,22))
103((53,17))
104((101,22),(72,33))
105((27,40),(3,15),(27,45),(107,21),(87,14))
106((66,45),(27,16),(82,45))
107((8,22),(74,4),(105,21))
