0((1,27),(6,26),(91,21))
1((0,27),(2,25),(3,6),(12,40),(33,32),(44,4),(74,43),(56,4),(72,14),(29,42),(26,8))
2((1,25),(7,39),(9,19),(13,40),(16,7),(57,20),(97,34))
3((1,6),(4,45),(5,43),(42,31),(31,32))
4((3,45),(25,49),(77,35),(56,29),(40,38),(78,50))
5((3,43),(17,36),(23,8),(24,9),(62,1),(77,31),(68,24),(32,48),(21,34),(21,26),(50,25))
6((0,26),(10,3),(21,33),(31,45),(103,16),(92,21),(17,45))
7((2,39),(8,21),(27,43),(28,20),(78,7),(18,28),(66,34))
8((7,21),(15,46),(29,5),(46,5),(61,5),(87,45))
9((2,19),(22,36),(98,15),(85,31))
10((6,3),(11,31),(35,47),(37,38),(84,41),(100,4))
11((10,31),(19,7),(45,26),(71,21))
12((1,40),(14,14),(18,19),(52,27),(61,46))
13((2,40),(77,10))
14((12,14),(41,13),(53,29),(95,43),(97,16),(26,42))
15((8,46),(26,42),(36,22),(49,21),(66,48),(25,6),(27,5))
16((2,7),(58,48),(50,17),(70,21),(19,31),(45,35))
17((5,36),(83,29),(84,44),(6,45))
18((12,19),(20,41),(50,34),(7,28),(79,30))
19((11,7),(80,25),(16,31))
20((18,41),(56,14),(36,41),(32,41),(48,28),(98,28))
21((6,33),(43,30),(52,48),(80,6),(5,34),(22,30),(65,44),(5,26))
22((9,36),(47,1),(21,30))
23((5,8),(69,29),(27,12),(44,11))
24((5,9),(30,18),(32,36),(79,3),(51,22),(33,34))
25((4,49),(50,1),(82,22),(15,6),(84,36))
26((15,42),(44,8),(1,8),(14,42),(83,13),(51,35))
27((7,43),(15,5),(57,38),(23,12))
28((7,20),(34,11))
29((8,5),(88,8),(1,42))
30((24,18),(38,30),(40,11),(59,31),(57,13),(67,9))
31((6,45),(63,42),(3,32))
32((24,36),(93,8),(5,48),(20,41),(68,1))
33((1,32),(24,34))
34((28,11),(54,42),(89,19))
35((10,47),(55,11),(89,16))
36((15,22),(20,41))
37((10,38),(96,15))
38((30,30),(39,45),(64,44),(81,24))
39((38,45))
40((30,11),(48,12),(76,39),(90,31),(91,23),(86,21),(4,38))
41((14,13))
42((3,31),(101,50),(59,33))
43((21,30),(70,29),(98,40),(104,34),(60,36))
44((1,4),(72,18),(26,8),(97,3),(81,28),(23,11))
45((11,26),(102,36),(16,35))
46((8,5),(60,12),(81,45))
47((22,1),(96,6))
48((40,12),(51,35),(68,16),(20,28))
49((15,21),(103,8),(82,47))
50((25,1),(54,22),(16,17),(81,26),(18,34),(5,25))
51((48,35),(65,36),(67,11),(24,22),(26,35))
52((21,48),(98,50),(12,27))
53((14,29),(67,48),(95,11))
54((50,22),(34,42))
55((35,11))
56((20,14),(85,39),(4,29),(1,4),(100,9))
57((2,20),(75,8),(94,11),(58,43),(27,38),(30,13),(64,14))
58((16,48),(71,17),(57,43))
59((30,31),(42,33))
60((46,12),(43,36))
61((8,5),(12,46))
62((5,1))
63((31,42))
64((38,44),(73,22),(102,18),(103,12),(102,47),(88,49),(57,14))
65((51,36),(21,44))
66((15,48),(101,27),(7,34))
67((51,11),(53,48),(30,9))
68((48,16),(5,24),(83,5),(32,1))
69((23,29),(86,38))
70((43,29),(86,49),(77,27),(16,21))
71((58,17),(76,38),(11,21),(103,45),(97,36))
72((44,18),(1,14))
73((64,22),(83,40))
74((1,43),(102,12),(93,11))
75((57,8))
76((40,39),(71,38))
77((4,35),(5,31),(70,27),(13,10))
78((7,7),(4,50))
79((24,3),(18,30))
80((21,6),(89,25),(93,34),(19,25))
81((46,45),(50,26),(38,24),(44,28))
82((25,22),(92,25),(49,47))
83((17,29),(68,5),(26,13),(73,40))
84((10,41),(17,44),(86,36),(25,36))
85((56,39),(9,31))
86((70,49),(84,36),(69,38),(40,21))
87((8,45),(99,49))
88((29,8),(64,49))
89((80,25),(35,16),(99,38),(34,19))
90((40,31))
91((40,23),(0,21))
92((82,25),(95,10),(6,21))
93((32,8),(80,34),(103,9),(74,11))
94((57,11))
95((14,43),(92,10),(53,11))
96((37,15),(47,6))
97((2,34),(44,3),(71,36),(14,16))
98((43,40),(104,43),(20,28),(103,26),(52,50),(9,15))
99((87,49),(89,38))
100((10,4),(56,9))
101((42,50),(66,27))
102((64,18),(74,12),(64,47),(45,36))
103((49,8),(64,12),(6,16),(71,45),(93,9),(98,26))
104((43,34),(98,43))
