0((1,24),(5,32),(10,31),(27,33),(68,40),(43,22))
1((0,24),(2,16),(3,25),(9,38),(34,45),(12,1),(39,33),(32,42))
2((1,16),(12,27),(13,11),(18,41),(24,6))
3((1,25),(4,46))
4((3,46),(50,47),(55,7),(12,36),(75,35))
5((0,32),(6,9),(7,24),(16,25))
6((5,9),(8,44))
7((5,24),(11,27),(29,41),(39,31),(56,1),(31,6))
8((6,44),(65,12),(79,35),(50,16))
9((1,38),(28,49),(77,7),(61,7),(64,27))
10((0,31),(21,1),(43,34),(47,27),(80,18),(23,38))
11((7,27),(76,34))
12((2,27),(14,41),(17,48),(79,2),(1,1),(4,36),(75,32))
13((2,11),(26,25),(66,42))
14((12,41),(15,8),(23,14),(37,17))
15((14,8),(20,20),(30,8),(23,7))
16((5,25),(19,12),(48,50),(78,45),(69,22))
17((12,48))
18((2,41),(22,43),(36,33))
19((16,12),(24,14),(63,49))
20((15,20),(60,27),(62,13),(45,32),(22,38))
21((10,1),(25,7),(53,1))
22((18,43),(31,50),(62,20),(20,38))
23((14,14),(38,12),(64,38),(78,21),(43,31),(30,45),(49,6),(15,7),(10,38))
24((19,14),(35,8),(30,5),(75,10),(72,43),(2,6),(34,46),(38,17))
25((21,7),(41,2),(44,41),(46,15),(57,19))
26((13,25),(53,1),(80,45))
27((0,33),(70,19),(54,39))
28((9,49),(33,25),(70,50),(49,24),(53,15))
29((7,41),(32,25),(45,34),(51,7))
30((15,8),(24,5),(32,26),(23,45))
31((22,50),(82,31),(7,6))
32((29,25),(30,26),(74,18),(1,42))
33((28,25),(74,10),(58,25))
34((1,45),(42,16),(49,34),(69,11),(24,46))
35((24,8),(63,22),(81,38),(75,30),(39,32))
36((18,33),(52,16),(54,29))
37((14,17),(40,31),(67,31),(80,44),(64,3))
38((23,12),(24,17))
39((7,31),(81,10),(47,27),(1,33),(35,32))
40((37,31),(75,33),(82,36),(73,17),(67,47))
41((25,2),(73,18))
42((34,16),(43,5))
43((10,34),(23,31),(67,2),(0,22),(57,16),(42,5))
44((25,41))
45((29,34),(59,38),(71,38),(20,32))
46((25,15),(50,34),(61,33),(74,24),(71,12))
47((10,27),(55,2),(72,43),(77,2),(39,27))
48((16,50))
49((34,34),(23,6),(28,24),(64,8))
50((46,34),(4,47),(8,16))
51((29,7),(58,29))
52((36,16))
53((26,1),(73,26),(21,1),(28,15))
54((36,29),(27,39))
55((47,2),(4,7))
56((7,1),(69,47))
57((25,19),(58,47),(61,15),(43,16))
58((57,47),(33,25),(60,2),(51,29))
59((45,38))
60((20,27),(68,5),(58,2))
61((46,33),(72,28),(9,7),(57,15),(82,3))
62((20,13),(81,15),(22,20))
63((35,22),(78,31),(19,49))
64((23,38),(37,3),(78,48),(49,8),(9,27))
65((8,12))
66((13,42),(80,22))
67((37,31),(43,2),(40,47))
68((0,40),(60,5))
69((34,11),(16,22),(79,21),(56,47))
70((28,50),(80,38),(27,19))
71((45,38),(46,12))
72((61,28),(24,43),(47,43))
73((41,18),(40,17),(53,26))
74((46,24),(77,39),(33,10),(32,18))
75((40,33),(24,10),(35,30),(12,32),(4,35))
76((11,34))
77((9,7),(74,39),(47,2))
78((23,21),(16,45),(63,31),(64,48))
79((12,2),(8,35),(69,21))
80((37,44),(70,38),(66,22),(10,18),(26,45))
81((39,10),(35,38),(62,15))
82((40,36),(31,31),(61,3))
