0((1,12),(7,38),(17,37),(19,47),(46,40),(16,8))
1((0,12),(2,37),(5,17),(15,19),(31,1),(8,36),(24,21))
2((1,37),(3,47),(4,4))
3((2,47),(23,20))
4((2,4),(9,44),(46,26),(25,45),(26,25))
5((1,17),(6,31),(8,4),(12,4),(48,43))
6((5,31),(27,41),(33,42))
7((0,38),(25,43),(30,46))
8((5,4),(1,36),(20,1),(11,22))
9((4,44),(10,24),(16,32),(55,46))
10((9,24),(11,38),(22,27),(14,30),(52,32))
11((10,38),(13,46),(23,12),(14,4),(8,22))
12((5,4),(21,36),(48,50))
13((11,46),(14,13))
14((13,13),(26,41),(11,4),(23,40),(10,30))
15((1,19),(20,41),(53,43),(49,31))
16((9,32),(18,42),(29,43),(55,26),(54,30),(35,22),(0,8))
17((0,37),(45,4))
18((16,42),(36,7),(38,2),(55,14))
19((0,47),(28,7))
20((15,41),(53,35),(8,1))
21((12,36),(23,16),(24,16),(32,25),(31,21),(32,27))
22((10,27),(28,5),(42,27))
23((21,16),(40,10),(11,12),(3,20),(14,40))
24((21,16),(35,44),(49,2),(1,21))
25((7,43),(44,37),(31,49),(4,45))
26((14,41),(44,31),(4,25))
27((6,41),(28,14))
28((22,5),(47,11),(27,14),(19,7))
29((16,43),(42,27),(48,19))
30((7,46),(34,47),(35,22),(41,14),(42,30))
31((1,1),(41,13),(55,23),(25,49),(21,21),(35,43),(52,31),(46,26))
32((21,25),(39,19),(40,37),(21,27),(54,14))
33((6,42),(37,25))
34((30,47),(45,22))
35((24,44),(30,22),(31,43),(16,22))
36((18,7))
37((33,25))
38((18,2))
39((32,19))
40((23,10),(43,29),(47,28),(49,29),(52,48),(55,30),(32,37),(47,31))
41((31,13),(30,14))
42((29,27),(50,25),(30,30),(44,1),(22,27))
43((40,29))
44((25,37),(26,31),(42,1))
45((34,22),(54,4),(56,23),(17,4))
46((0,40),(51,42),(4,26),(50,11),(31,26))
47((40,28),(28,11),(40,31))
48((29,19),(5,43),(12,50))
49((40,29),(15,31),(24,2))
50((42,25),(46,11))
51((46,42))
52((40,48),(31,31),(10,32))
53((20,35),(15,43))
54((45,4),(16,30),(32,14))
55((31,23),(9,46),(40,30),(16,26),(18,14))
56((45,23))
