0((1,35),(2,42),(3,2),(27,23),(32,31))
1((0,35),(24,15),(32,35))
2((0,42),(4,24),(7,45),(14,40),(38,26))
3((0,2),(5,18),(6,20),(15,32),(9,49),(25,9))
4((2,24),(21,45),(28,2),(38,11),(40,27),(21,11))
5((3,18),(20,39),(31,16))
6((3,20),(9,39),(34,47),(37,44),(28,46))
7((2,45),(8,50),(10,1),(26,31))
8((7,50),(19,24))
9((6,39),(13,23),(27,50),(3,49))
10((7,1),(11,13),(14,32),(36,48),(40,46),(40,1),(32,41))
11((10,13),(12,31),(14,30))
12((11,31))
13((9,23),(24,9),(23,34))
14((10,32),(16,42),(17,2),(26,11),(11,30),(2,40),(40,40))
15((3,32),(18,8),(30,44))
16((14,42),(33,27))
17((14,2),(35,42),(31,34))
18((15,8),(29,27),(24,27))
19((8,24),(22,50),(39,27))
20((5,39),(25,50),(27,48),(24,32),(28,30))
21((4,45),(23,23),(4,11))
22((19,50),(31,46))
23((21,23),(37,29),(13,34),(31,31))
24((1,15),(13,9),(18,27),(20,32),(26,20))
25((20,50),(28,30),(3,9))
26((14,11),(29,31),(7,31),(24,20))
27((9,50),(0,23),(20,48),(36,31))
28((4,2),(25,30),(6,46),(20,30))
29((18,27),(26,31))
30((15,44))
31((5,16),(17,34),(23,31),(22,46))
32((1,35),(10,41),(0,31))
33((16,27),(39,1))
34((6,47))
35((17,42))
36((10,48),(27,31))
37((6,44),(23,29))
38((4,11),(2,26))
39((33,1),(19,27))
40((10,46),(10,1),(4,27),(14,40))
