0((1,33),(2,39),(3,33),(5,42),(16,49),(35,33),(17,39),(41,31),(68,39))
1((0,33),(35,45),(20,36))
2((0,39),(4,29),(13,45),(40,5),(37,33))
3((0,33),(33,42))
4((2,29),(12,5),(53,24),(29,43),(24,30))
5((0,42),(6,35),(8,16),(48,45),(25,49),(27,17))
6((5,35),(7,29),(9,35),(18,25),(24,22),(37,22),(54,12),(24,28),(33,31),(38,44),(52,7))
7((6,29),(25,35),(59,43),(24,26),(21,48),(37,15),(43,13))
8((5,16),(10,40),(22,44),(40,17),(24,5))
9((6,35),(14,27),(42,19))
10((8,40),(11,10),(20,42),(40,14))
11((10,10),(60,37))
12((4,5),(20,38))
13((2,45),(15,10),(21,36),(26,29),(38,34),(43,50))
14((9,27),(36,5),(41,32),(51,17),(46,16),(26,15),(27,7))
15((13,10),(17,26),(66,2))
16((0,49),(19,47),(65,11),(18,41))
17((15,26),(27,40),(30,24),(34,14),(0,39),(28,14))
18((6,25),(50,6),(16,41),(49,19))
19((16,47),(57,13),(63,18))
20((10,42),(23,48),(45,23),(58,36),(12,38),(1,36))
21((13,36),(30,13),(7,48),(24,3))
22((8,44),(32,44),(47,16),(29,19))
23((20,48),(29,19),(48,43),(32,21))
24((6,22),(28,26),(6,28),(7,26),(21,3),(8,5),(4,30),(28,36))
25((7,35),(31,31),(64,20),(5,49),(32,25))
26((13,29),(14,15))
27((17,40),(14,7),(5,17),(64,3))
28((24,26),(66,28),(17,14),(50,4),(24,36))
29((23,19),(39,38),(4,43),(30,46),(22,19))
30((17,24),(50,7),(21,13),(29,46))
31((25,31))
32((22,44),(25,25),(23,21))
33((3,42),(46,33),(6,31),(66,30),(62,50))
34((17,14),(42,14))
35((0,33),(55,20),(1,45))
36((14,5),(50,3),(52,45),(67,28),(61,12))
37((6,22),(2,33),(7,15))
38((13,34),(42,44),(6,44))
39((29,38),(60,41))
40((2,5),(44,44),(61,3),(10,14),(8,17))
41((14,32),(0,31))
42((9,19),(38,44),(34,14))
43((13,50),(60,14),(7,13))
44((40,44))
45((20,23),(59,24))
46((33,33),(14,16),(62,50))
47((22,16),(67,45))
48((5,45),(49,25),(55,23),(56,31),(23,43),(50,48))
49((48,25),(18,19))
50((36,3),(18,6),(30,7),(28,4),(48,48))
51((14,17))
52((36,45),(6,7),(55,47))
53((4,24),(62,49),(57,47),(67,31))
54((6,12))
55((48,23),(35,20),(52,47))
56((48,31),(66,5))
57((19,13),(53,47))
58((20,36),(65,3))
59((7,43),(45,24))
60((43,14),(39,41),(11,37))
61((40,3),(36,12))
62((53,49),(46,50),(33,50))
63((19,18))
64((25,20),(27,3))
65((16,11),(58,3))
66((28,28),(56,5),(33,30),(15,2))
67((47,45),(36,28),(53,31))
68((0,39))
