0((1,45),(2,4),(3,22),(5,50),(7,40),(22,13),(94,2))
1((0,45),(4,30),(6,43),(37,3),(39,40),(61,7),(45,43),(41,34),(59,11))
2((0,4),(8,15),(12,8),(46,40),(73,39))
3((0,22),(10,8),(21,37),(48,27),(81,11))
4((1,30),(79,32),(49,33),(13,47))
5((0,50),(28,11),(49,44),(6,43))
6((1,43),(41,49),(5,43),(32,6),(86,8),(69,11))
7((0,40),(9,21),(11,39),(16,39),(32,30),(72,17),(97,32),(18,15),(45,11),(88,4),(29,38))
8((2,15),(13,40),(15,2),(25,45),(35,39),(44,16),(37,34))
9((7,21),(31,3),(36,41),(45,39),(53,42))
10((3,8),(19,6),(34,5),(54,4),(81,27))
11((7,39),(17,48),(12,39),(76,34))
12((2,8),(14,33),(59,41),(11,39),(40,9))
13((8,40),(66,36),(4,47))
14((12,33),(43,12))
15((8,2),(26,1),(41,43))
16((7,39),(18,41))
17((11,48),(20,17),(24,49),(29,33),(75,15),(86,45))
18((16,41),(56,15),(7,15))
19((10,6),(44,13),(69,17))
20((17,17),(27,20),(33,16),(40,11),(71,48),(87,49),(95,10))
21((3,37),(73,37))
22((0,13),(23,49),(74,32),(78,29),(31,34),(37,9),(94,46))
23((22,49),(38,5),(51,31),(66,2),(78,14),(40,18),(36,13))
24((17,49),(46,4),(47,33),(70,17),(86,45),(79,33),(42,2),(85,32))
25((8,45),(42,28),(52,32),(55,11),(67,1),(77,37),(64,33),(67,37))
26((15,1),(38,40),(93,9))
27((20,20))
28((5,11),(50,49),(79,47),(36,50))
29((17,33),(30,13),(69,25),(94,18),(7,38))
30((29,13),(62,44),(92,45),(72,33))
31((9,3),(62,6),(33,13),(73,39),(22,34))
32((7,30),(71,41),(6,6))
33((20,16),(31,13))
34((10,5),(66,49),(72,17))
35((8,39),(64,12),(50,41))
36((9,41),(61,39),(55,2),(56,35),(98,37),(28,50),(61,7),(23,13),(62,50))
37((1,3),(76,22),(8,34),(22,9),(76,35))
38((23,5),(65,42),(26,40))
39((1,40),(48,14))
40((20,11),(85,24),(76,28),(23,18),(93,26),(12,9))
41((6,49),(50,8),(15,43),(58,3),(1,34))
42((25,28),(60,27),(24,2))
43((14,12),(89,46))
44((8,16),(85,25),(66,43),(69,6),(19,13))
45((9,39),(77,23),(7,11),(1,43))
46((24,4),(2,40))
47((24,33),(58,9),(82,38))
48((39,14),(3,27))
49((5,44),(90,45),(92,46),(4,33))
50((28,49),(41,8),(35,41),(86,44))
51((23,31),(57,3),(52,46))
52((25,32),(51,46))
53((9,42))
54((10,4),(60,48),(67,48))
55((25,11),(36,2))
56((18,15),(36,35))
57((51,3),(63,35),(83,18))
58((47,9),(41,3))
59((12,41),(70,34),(1,11))
60((42,27),(68,44),(54,48),(74,46))
61((1,7),(80,33),(84,6),(36,39),(36,7))
62((30,44),(72,13),(31,6),(36,50))
63((57,35),(97,21))
64((35,12),(25,33),(75,13))
65((38,42),(73,34),(80,22))
66((13,36),(23,2),(44,43),(34,49))
67((25,1),(54,48),(73,34),(25,37))
68((60,44))
69((29,25),(44,6),(6,11),(19,17))
70((24,17),(79,7),(59,34))
71((20,48),(32,41),(97,10))
72((7,17),(62,13),(30,33),(34,17))
73((21,37),(65,34),(98,23),(31,39),(67,34),(2,39))
74((22,32),(95,36),(97,6),(60,46))
75((17,15),(64,13),(77,12))
76((37,22),(40,28),(37,35),(11,34))
77((45,23),(88,12),(97,26),(25,37),(75,12))
78((22,29),(23,14))
79((70,7),(28,47),(4,32),(24,33))
80((61,33),(90,40),(65,22),(90,21))
81((10,27),(3,11))
82((47,38),(98,47))
83((57,18),(91,29))
84((61,6))
85((44,25),(40,24),(24,32))
86((24,45),(50,44),(6,8),(17,45))
87((20,49))
88((77,12),(93,8),(7,4))
89((43,46))
90((80,40),(96,8),(49,45),(80,21))
91((83,29))
92((30,45),(49,46))
93((88,8),(40,26),(26,9))
94((0,2),(29,18),(22,46))
95((74,36),(20,10))
96((90,8))
97((7,32),(74,6),(77,26),(63,21),(71,10))
98((73,23),(36,37),(82,47))
