0((1,3),(2,34),(3,39),(7,20),(8,20),(10,21),(11,2))
1((0,3),(4,19),(15,7))
2((0,34),(23,16),(21,23))
3((0,39),(15,10),(19,44),(22,30),(8,50),(22,26))
4((1,19),(5,45),(6,25),(19,35),(9,43))
5((4,45),(13,43))
6((4,25),(14,33))
7((0,20),(9,35),(16,28),(18,14))
8((0,20),(3,50),(21,10))
9((7,35),(19,38),(4,43))
10((0,21),(22,13),(21,19))
11((0,2),(12,19),(17,35),(18,37))
12((11,19),(21,43))
13((5,43),(19,36))
14((6,33))
15((3,10),(20,30),(1,7))
16((7,28))
17((11,35))
18((7,14),(11,37))
19((3,44),(4,35),(9,38),(13,36))
20((15,30))
21((12,43),(10,19),(2,23),(8,10))
22((3,30),(10,13),(3,26))
23((2,16))
