0((1,38),(2,41),(4,26),(11,43),(43,8))
1((0,38),(7,37),(13,28),(28,15),(34,28),(88,41),(60,7),(86,41))
2((0,41),(3,34),(42,40),(37,5),(17,25))
3((2,34),(5,11),(10,31),(78,42),(70,18),(16,13))
4((0,26),(6,3),(21,21),(24,50),(69,1))
5((3,11),(8,21),(35,27))
6((4,3),(9,1),(12,49),(79,20),(62,46),(85,5))
7((1,37),(17,34),(36,41),(81,36),(30,11),(23,46),(51,20))
8((5,21),(57,44),(76,30),(14,17))
9((6,1),(39,39),(58,29),(27,35),(14,30))
10((3,31),(15,42),(16,30),(35,33),(82,46))
11((0,43),(26,8),(40,15),(54,9),(46,27))
12((6,49),(32,36),(45,27))
13((1,28),(14,17),(29,50),(21,35),(90,2),(22,30),(17,3),(73,43))
14((13,17),(18,33),(9,30),(8,17))
15((10,42),(20,30),(22,46),(53,17))
16((10,30),(19,46),(27,40),(30,49),(31,42),(60,23),(64,24),(3,13),(37,43))
17((7,34),(65,7),(2,25),(13,3))
18((14,33),(72,34),(67,47),(58,15))
19((16,46),(23,41),(44,32),(63,37))
20((15,30),(33,26),(37,1),(71,22))
21((4,21),(55,44),(13,35),(59,47))
22((15,46),(25,19),(58,35),(65,8),(74,37),(13,30))
23((19,41),(7,46))
24((4,50),(68,25),(88,26),(46,50),(33,8))
25((22,19),(41,25),(46,31),(49,28),(61,14),(39,6))
26((11,8))
27((16,40),(67,1),(84,12),(9,35),(42,37),(67,22),(89,33))
28((1,15),(62,28),(66,26),(53,37))
29((13,50),(77,22),(36,42))
30((16,49),(7,11))
31((16,42),(77,44),(42,6))
32((12,36),(59,29),(70,26),(50,46),(47,48))
33((20,26),(24,8),(71,38))
34((1,28),(64,32),(66,44),(36,49))
35((10,33),(79,21),(53,46),(5,27))
36((7,41),(38,17),(50,6),(89,34),(67,27),(34,49),(29,42))
37((20,1),(43,47),(51,22),(43,18),(2,5),(16,43),(57,50))
38((36,17),(42,1))
39((9,39),(25,6))
40((11,15),(87,36),(84,20),(48,28))
41((25,25),(47,28))
42((38,1),(31,6),(2,40),(27,37))
43((37,47),(0,8),(37,18))
44((19,32),(52,8))
45((12,27),(86,22),(49,39))
46((25,31),(48,4),(56,33),(24,50),(11,27),(49,29))
47((41,28),(32,48),(84,9))
48((46,4),(88,4),(40,28),(58,41))
49((25,28),(45,39),(46,29))
50((36,6),(62,18),(71,38),(56,32),(32,46),(55,50))
51((37,22),(78,45),(7,20))
52((44,8),(66,29),(65,39))
53((15,17),(83,29),(35,46),(28,37))
54((11,9),(61,1))
55((21,44),(50,50))
56((46,33),(50,32),(88,8))
57((8,44),(37,50))
58((22,35),(85,21),(9,29),(18,15),(48,41))
59((32,29),(73,5),(84,13),(21,47),(85,11))
60((16,23),(1,7))
61((25,14),(70,12),(54,1))
62((50,18),(6,46),(28,28))
63((19,37),(72,42))
64((34,32),(69,35),(84,1),(70,27),(16,24),(82,32))
65((22,8),(85,43),(17,7),(52,39))
66((34,44),(80,7),(52,29),(72,49),(28,26))
67((27,1),(36,27),(18,47),(27,22))
68((24,25))
69((64,35),(4,1))
70((61,12),(64,27),(32,26),(3,18))
71((50,38),(20,22),(33,38))
72((18,34),(63,42),(66,49))
73((59,5),(75,14),(13,43))
74((22,37))
75((73,14))
76((8,30))
77((31,44),(29,22))
78((51,45),(3,42))
79((6,20),(90,13),(35,21))
80((66,7))
81((7,36))
82((10,46),(64,32))
83((53,29),(86,25))
84((64,1),(59,13),(27,12),(40,20),(47,9))
85((65,43),(58,21),(89,2),(59,11),(6,5))
86((45,22),(83,25),(1,41))
87((40,36))
88((48,4),(1,41),(24,26),(56,8))
89((36,34),(85,2),(27,33))
90((13,2),(79,13))
