0((1,40),(2,37),(3,18),(4,21),(20,42),(37,38),(11,5),(39,32),(38,20))
1((0,40),(5,33),(13,19),(34,49),(11,50),(3,45),(38,8),(2,31))
2((0,37),(7,26),(11,40),(18,40),(19,36),(22,45),(26,44),(40,32),(23,31),(1,31))
3((0,18),(6,9),(10,21),(14,38),(1,45),(15,11))
4((0,21),(37,10),(5,2))
5((1,33),(12,38),(4,2))
6((3,9),(39,18))
7((2,26),(8,30),(23,16))
8((7,30),(9,5),(33,44),(32,1))
9((8,5),(24,16),(25,31),(28,30),(36,34),(15,32),(29,26))
10((3,21),(15,22),(37,45))
11((2,40),(0,5),(1,50))
12((5,38),(21,17),(29,41))
13((1,19),(17,12),(29,29),(31,30))
14((3,38),(16,41),(27,20),(16,8))
15((10,22),(3,11),(16,10),(9,32))
16((14,41),(32,9),(14,8),(15,10))
17((13,12),(23,33),(35,21),(33,15))
18((2,40),(33,6))
19((2,36))
20((0,42))
21((12,17))
22((2,45))
23((17,33),(2,31),(7,16))
24((9,16),(35,1))
25((9,31))
26((2,44),(30,11),(39,22),(38,19),(31,41),(29,29))
27((14,20),(31,29),(38,27))
28((9,30),(32,6))
29((13,29),(9,26),(26,29),(12,41))
30((26,11))
31((27,29),(13,30),(26,41))
32((16,9),(28,6),(8,1))
33((8,44),(17,15),(40,21),(18,6))
34((1,49))
35((17,21),(41,15),(24,1))
36((9,34))
37((0,38),(4,10),(10,45))
38((27,27),(26,19),(39,32),(1,8),(0,20))
39((26,22),(38,32),(6,18),(0,32))
40((2,32),(33,21))
41((35,15))
