0((1,8),(5,12),(7,48),(13,41),(24,13),(47,19))
1((0,8),(2,45),(4,38),(18,44),(45,23),(7,44),(14,11),(42,37),(40,23))
2((1,45),(3,46),(8,34),(28,22),(54,27),(40,39))
3((2,46),(6,19),(12,44),(12,22),(26,14),(20,27))
4((1,38),(14,26),(19,48),(38,18),(46,36))
5((0,12),(15,4),(14,50),(27,30))
6((3,19),(9,43),(10,49),(44,11),(49,18),(22,50))
7((0,48),(44,9),(1,44))
8((2,34),(11,19),(39,31),(27,2))
9((6,43),(35,10),(50,33))
10((6,49),(30,11),(52,44),(42,47))
11((8,19),(33,30),(42,30),(20,7))
12((3,44),(3,22))
13((0,41),(17,6),(48,32))
14((4,26),(29,37),(51,20),(1,11),(5,50))
15((5,4),(16,38),(20,15),(25,50),(36,4),(41,17))
16((15,38),(29,39))
17((13,6),(21,12),(26,39),(31,5))
18((1,44),(40,47),(34,30),(41,50),(24,4))
19((4,48),(31,37))
20((15,15),(22,23),(23,15),(11,7),(25,20),(3,27),(48,9))
21((17,12),(48,40))
22((20,23),(27,22),(39,17),(47,6),(50,14),(6,50))
23((20,15),(37,32),(41,4))
24((0,13),(34,32),(42,15),(18,4))
25((15,50),(20,20))
26((17,39),(38,33),(3,14))
27((22,22),(8,2),(5,30))
28((2,22),(43,9))
29((14,37),(51,48),(16,39))
30((10,11),(32,8),(50,15))
31((19,37),(37,17),(17,5))
32((30,8),(46,5))
33((11,30))
34((24,32),(45,1),(18,30))
35((9,10))
36((15,4))
37((23,32),(31,17),(38,23))
38((26,33),(52,39),(4,18),(45,49),(37,23))
39((22,17),(8,31))
40((18,47),(43,27),(2,39),(1,23))
41((23,4),(47,23),(18,50),(15,17))
42((11,30),(10,47),(24,15),(1,37))
43((28,9),(52,4),(40,27))
44((6,11),(7,9))
45((34,1),(48,50),(1,23),(38,49))
46((32,5),(4,36))
47((22,6),(53,44),(41,23),(0,19))
48((45,50),(13,32),(20,9),(21,40))
49((6,18),(54,2))
50((22,14),(9,33),(30,15))
51((29,48),(53,22),(14,20))
52((10,44),(38,39),(43,4))
53((47,44),(51,22))
54((2,27),(49,2))
