0((1,50),(3,18),(7,21),(32,28),(40,32),(55,49),(55,8))
1((0,50),(2,39),(4,27),(5,1),(6,22),(22,23))
2((1,39),(17,50),(23,12),(27,25),(51,34))
3((0,18),(8,10),(12,7),(21,11),(18,19),(21,16),(14,11),(49,28))
4((1,27),(16,18),(11,28))
5((1,1),(37,31))
6((1,22),(11,44),(15,46),(28,17),(52,25),(27,18))
7((0,21),(18,14),(45,32),(49,41))
8((3,10),(9,4),(39,29),(47,47))
9((8,4),(10,24),(49,48),(11,48))
10((9,24),(37,31))
11((6,44),(13,31),(14,35),(30,32),(31,43),(55,29),(9,48),(4,28))
12((3,7),(42,34),(25,39),(28,23))
13((11,31),(19,7),(43,26))
14((11,35),(33,24),(3,11),(47,29))
15((6,46),(25,42),(43,6),(61,48))
16((4,18),(20,17),(29,33),(59,36),(62,38),(39,44))
17((2,50))
18((7,14),(24,17),(3,19),(56,5),(52,49))
19((13,7),(28,14),(41,43))
20((16,17),(36,25),(39,9))
21((3,11),(42,28),(3,16))
22((1,23),(42,18))
23((2,12),(38,37),(54,1))
24((18,17),(26,41),(34,2),(62,49))
25((15,42),(56,27),(12,39))
26((24,41),(35,16),(28,36))
27((2,25),(44,40),(51,14),(6,18))
28((19,14),(6,17),(12,23),(26,36))
29((16,33),(41,8))
30((11,32))
31((11,43),(46,15),(48,38),(54,6))
32((0,28),(52,29),(65,14))
33((14,24),(35,25),(35,29),(36,49))
34((24,2),(50,1),(53,7),(55,32))
35((33,25),(41,10),(26,16),(33,29),(63,48),(42,35))
36((20,25),(33,49))
37((10,31),(5,31),(60,27))
38((23,37),(59,45),(53,21))
39((8,29),(16,44),(20,9),(55,43))
40((0,32),(61,44))
41((35,10),(29,8),(19,43))
42((12,34),(43,12),(21,28),(22,18),(35,35))
43((42,12),(15,6),(13,26),(44,33),(64,38))
44((27,40),(54,50),(43,33))
45((7,32))
46((31,15),(61,42),(63,14))
47((8,47),(14,29))
48((31,38))
49((9,48),(53,27),(7,41),(60,19),(3,28))
50((34,1),(59,37))
51((27,14),(2,34))
52((32,29),(57,10),(6,25),(18,49))
53((49,27),(58,40),(38,21),(34,7),(63,29))
54((31,6),(44,50),(55,11),(23,1))
55((11,29),(34,32),(54,11),(39,43),(0,49),(0,8))
56((25,27),(18,5),(57,50),(62,50))
57((52,10),(64,21),(56,50))
58((53,40),(60,50))
59((16,36),(50,37),(38,45))
60((58,50),(62,5),(49,19),(37,27))
61((40,44),(46,42),(15,48))
62((16,38),(63,9),(60,5),(24,49),(56,50))
63((62,9),(46,14),(35,48),(53,29))
64((57,21),(43,38))
65((32,14))
