0((1,18),(72,31))
1((0,18),(2,31),(3,47),(4,2),(7,16),(13,29),(16,37),(82,28),(42,49),(67,4))
2((1,31),(43,11),(29,40))
3((1,47),(5,38),(6,33),(8,36),(18,34),(34,26),(55,35),(25,36))
4((1,2),(12,13),(31,40),(53,48),(22,48))
5((3,38),(36,20),(47,27),(8,29),(55,24))
6((3,33),(9,19),(10,11),(28,6),(8,13),(49,37))
7((1,16),(41,2),(48,35),(61,5),(75,21),(11,47),(8,45),(85,41))
8((3,36),(15,15),(23,49),(7,45),(6,13),(5,29),(60,17),(69,5),(85,28))
9((6,19),(11,44),(19,29),(42,18),(38,6))
10((6,11),(21,36))
11((9,44),(14,16),(33,2),(38,12),(50,33),(7,47),(37,38),(44,45),(32,6))
12((4,13),(47,6),(69,10),(35,35),(33,6))
13((1,29),(26,40),(40,22),(71,29))
14((11,16),(30,31),(75,47))
15((8,15),(17,37),(22,49),(51,16),(63,5),(68,8),(73,20))
16((1,37),(27,1),(59,50))
17((15,37),(33,24))
18((3,34),(20,40),(51,41),(25,14),(76,20))
19((9,29),(52,17))
20((18,40),(25,4),(54,8))
21((10,36),(37,8),(46,32),(83,5))
22((15,49),(82,26),(4,48))
23((8,49),(24,22))
24((23,22),(64,29),(80,49))
25((20,4),(29,17),(18,14),(3,36),(40,17))
26((13,40),(32,35),(80,33))
27((16,1),(28,40))
28((6,6),(35,30),(44,22),(67,16),(78,38),(58,45),(27,40))
29((25,17),(84,26),(2,40),(61,36),(47,31))
30((14,31),(86,7),(67,46))
31((4,40),(71,49),(40,43),(48,48))
32((26,35),(45,47),(11,6))
33((11,2),(12,6),(17,24),(48,36))
34((3,26),(38,40))
35((28,30),(39,15),(77,13),(12,35),(46,46),(47,8))
36((5,20),(59,8),(79,38),(82,30))
37((21,8),(66,27),(11,38))
38((11,12),(73,1),(9,6),(44,37),(67,3),(34,40),(55,45))
39((35,15),(79,37),(56,18))
40((13,22),(81,2),(31,43),(25,17),(49,13))
41((7,2),(74,7))
42((9,18),(66,50),(1,49))
43((2,11),(58,47),(64,16))
44((28,22),(49,7),(65,14),(38,37),(11,45))
45((32,47),(60,49))
46((21,32),(57,50),(59,8),(35,46))
47((12,6),(5,27),(61,35),(29,31),(35,8))
48((7,35),(78,37),(31,48),(62,43),(33,36))
49((44,7),(78,47),(6,37),(40,13))
50((11,33))
51((15,16),(55,48),(56,41),(62,27),(18,41))
52((19,17),(72,16))
53((4,48),(60,9),(70,1))
54((20,8),(70,4))
55((51,48),(3,35),(5,24),(38,45))
56((51,41),(84,30),(39,18))
57((46,50))
58((43,47),(28,45))
59((46,8),(36,8),(82,1),(16,50))
60((53,9),(8,17),(45,49),(65,30),(80,24))
61((7,5),(85,26),(47,35),(85,28),(29,36))
62((51,27),(48,43))
63((15,5))
64((24,29),(43,16),(81,38))
65((44,14),(83,18),(60,30))
66((37,27),(42,50))
67((28,16),(1,4),(30,46),(38,3),(68,30))
68((15,8),(74,24),(67,30))
69((12,10),(8,5))
70((54,4),(53,1))
71((31,49),(80,26),(13,29))
72((0,31),(76,46),(52,16))
73((38,1),(15,20))
74((68,24),(78,12),(41,7))
75((7,21),(14,47))
76((72,46),(18,20))
77((35,13))
78((48,37),(49,47),(74,12),(28,38))
79((39,37),(36,38))
80((71,26),(24,49),(26,33),(60,24))
81((40,2),(86,20),(64,38))
82((1,28),(22,26),(59,1),(36,30))
83((21,5),(85,3),(65,18))
84((29,26),(56,30))
85((61,26),(83,3),(7,41),(61,28),(8,28))
86((30,7),(81,20))
