0((1,21),(3,4),(9,20),(28,26),(62,49))
1((0,21),(2,3),(41,47),(44,39),(9,15),(51,3))
2((1,3))
3((0,4),(4,44),(5,5),(6,27),(7,37),(8,33),(11,36),(19,42),(22,5),(51,22),(59,15),(29,28),(47,43),(4,43))
4((3,44),(3,43))
5((3,5),(32,48),(33,41),(60,24))
6((3,27),(17,25),(26,10),(35,30),(10,50))
7((3,37),(25,11),(55,31),(58,6))
8((3,33),(10,38),(13,6),(29,11),(59,20),(57,46),(38,18))
9((0,20),(15,46),(21,50),(1,15),(22,42))
10((8,38),(23,38),(24,30),(51,34),(6,50))
11((3,36),(12,28),(30,30),(25,27),(54,21),(46,1),(20,36),(60,24),(39,22))
12((11,28),(36,16),(38,7))
13((8,6),(14,28),(20,14),(40,23))
14((13,28),(18,47),(42,38),(34,37))
15((9,46),(16,50),(54,2),(19,45))
16((15,50),(39,27),(46,31),(33,18))
17((6,25),(27,25),(42,44),(61,37))
18((14,47),(55,49),(45,34))
19((3,42),(15,45))
20((13,14),(31,11),(11,36),(38,16))
21((9,50),(34,3))
22((3,5),(51,48),(45,41),(9,42),(48,42))
23((10,38))
24((10,30),(38,21),(41,19))
25((7,11),(11,27),(38,14))
26((6,10))
27((17,25),(37,19),(51,22))
28((0,26),(40,38),(51,10))
29((8,11),(43,39),(3,28),(56,38))
30((11,30),(50,8),(57,19))
31((20,11),(54,29))
32((5,48),(47,13),(62,11),(38,40))
33((5,41),(16,18))
34((21,3),(52,30),(60,15),(14,37))
35((6,30),(52,41),(61,20),(61,5))
36((12,16),(58,22))
37((27,19),(57,47),(62,38),(52,32))
38((12,7),(24,21),(25,14),(8,18),(32,40),(20,16))
39((16,27),(11,22))
40((13,23),(28,38))
41((1,47),(24,19),(61,12),(48,36))
42((17,44),(45,40),(48,34),(14,38))
43((29,39),(53,4))
44((1,39))
45((42,40),(18,34),(22,41))
46((16,31),(11,1))
47((32,13),(53,12),(56,50),(3,43))
48((42,34),(49,44),(41,36),(22,42))
49((48,44))
50((30,8))
51((3,22),(56,20),(10,34),(22,48),(27,22),(28,10),(1,3))
52((34,30),(35,41),(37,32))
53((47,12),(43,4),(61,39))
54((31,29),(15,2),(11,21))
55((18,49),(58,20),(7,31))
56((51,20),(47,50),(29,38))
57((37,47),(8,46),(30,19))
58((36,22),(55,20),(7,6))
59((3,15),(8,20))
60((5,24),(34,15),(11,24))
61((17,37),(35,20),(35,5),(53,39),(41,12))
62((37,38),(32,11),(0,49))
