0((1,20),(3,6),(5,42),(39,8),(58,11),(56,13))
1((0,20),(2,39),(23,3),(31,20),(62,26))
2((1,39),(4,32),(78,43),(85,33),(60,8),(11,42),(7,47),(12,29))
3((0,6),(9,50),(19,4),(22,23),(32,37),(45,15),(59,47))
4((2,32),(14,7),(17,12),(18,30),(33,35),(61,30),(66,50),(32,21))
5((0,42),(6,31),(7,18),(8,50),(11,34),(12,42),(13,33),(25,47),(28,5),(35,11),(60,35),(85,48))
6((5,31),(26,18),(20,22),(49,20))
7((5,18),(28,21),(2,47),(69,34),(68,40),(66,43))
8((5,50),(10,5),(20,25),(30,10),(37,42),(61,27),(43,29),(93,9),(86,42),(93,36))
9((3,50),(18,6),(87,4))
10((8,5),(15,20),(24,22),(81,49),(96,2))
11((5,34),(16,45),(27,41),(29,34),(34,49),(2,42),(77,44),(90,21))
12((5,42),(34,23),(2,29))
13((5,33),(70,21),(90,8))
14((4,7),(21,35),(36,20),(41,19),(48,26),(89,28))
15((10,20),(42,24),(59,18))
16((11,45),(52,13),(57,28),(68,31),(73,8),(65,26))
17((4,12))
18((4,30),(88,42),(91,31),(92,23),(24,21),(9,6))
19((3,4),(52,12))
20((8,25),(6,22))
21((14,35),(44,32),(79,17),(25,36),(37,26),(83,48))
22((3,23),(92,3),(29,21))
23((1,3),(42,9))
24((10,22),(35,1),(18,21))
25((5,47),(21,36))
26((6,18),(83,18),(91,36),(44,13))
27((11,41))
28((5,5),(56,3),(7,21),(46,46),(34,49))
29((11,34),(43,24),(51,40),(22,21))
30((8,10),(49,13))
31((1,20),(43,30))
32((3,37),(90,16),(39,9),(4,21))
33((4,35),(69,18),(85,23),(89,2))
34((11,49),(55,29),(66,38),(91,18),(12,23),(28,49),(40,13),(37,31))
35((5,11),(24,1))
36((14,20),(38,34),(47,6),(77,8))
37((8,42),(40,31),(59,21),(21,26),(34,31))
38((36,34),(54,20),(48,5))
39((0,8),(51,3),(76,20),(32,9))
40((37,31),(34,13))
41((14,19),(46,9),(53,3),(63,22),(67,30),(88,6),(57,42),(62,5),(53,22))
42((15,24),(58,10),(45,40),(23,9))
43((29,24),(50,43),(8,29),(31,30))
44((21,32),(67,31),(92,31),(26,13),(63,48))
45((3,15),(74,39),(62,14),(42,40),(71,40))
46((41,9),(64,28),(28,46),(73,19))
47((36,6))
48((14,26),(38,5))
49((30,13),(82,45),(94,49),(6,20),(88,38))
50((43,43))
51((29,40),(39,3))
52((16,13),(19,12))
53((41,3),(41,22))
54((38,20),(88,49),(81,35),(91,46),(79,26))
55((34,29),(94,12))
56((28,3),(71,27),(0,13))
57((16,28),(71,8),(72,20),(76,48),(41,42),(60,10))
58((42,10),(0,11))
59((15,18),(87,38),(37,21),(3,47))
60((5,35),(2,8),(57,10))
61((4,30),(65,26),(8,27))
62((1,26),(75,4),(45,14),(77,48),(82,41),(41,5))
63((41,22),(77,16),(44,48))
64((46,28))
65((61,26),(16,26))
66((34,38),(4,50),(7,43))
67((41,30),(44,31))
68((16,31),(7,40))
69((33,18),(93,8),(7,34))
70((13,21),(88,12))
71((57,8),(95,19),(56,27),(45,40))
72((57,20),(74,38))
73((16,8),(94,18),(46,19),(78,30))
74((45,39),(95,30),(72,38))
75((62,4),(80,36),(92,7))
76((57,48),(94,48),(39,20))
77((36,8),(84,33),(62,48),(11,44),(63,16),(83,32))
78((2,43),(73,30))
79((21,17),(54,26))
80((75,36))
81((10,49),(86,30),(54,35))
82((49,45),(62,41))
83((26,18),(77,32),(21,48))
84((77,33))
85((2,33),(33,23),(5,48),(92,6))
86((81,30),(8,42),(95,12))
87((59,38),(92,38),(9,4))
88((18,42),(54,49),(41,6),(70,12),(49,38))
89((14,28),(33,2))
90((32,16),(13,8),(11,21))
91((34,18),(26,36),(18,31),(54,46))
92((22,3),(87,38),(44,31),(75,7),(18,23),(85,6))
93((69,8),(8,9),(8,36))
94((73,18),(76,48),(49,49),(55,12))
95((71,19),(74,30),(86,12))
96((10,2))
