0((1,42),(2,19),(1,32))
1((0,42),(3,40),(6,9),(0,32),(30,48))
2((0,19),(6,44),(22,6),(24,35),(14,10))
3((1,40),(4,1),(5,26),(11,21))
4((3,1),(8,32),(12,5),(13,9),(19,46),(19,47))
5((3,26),(7,23),(9,19),(14,49),(18,46),(25,41))
6((2,44),(27,41),(7,39),(1,9),(15,47))
7((5,23),(10,35),(21,18),(23,8),(6,39))
8((4,32))
9((5,19),(15,41),(17,15))
10((7,35),(16,43))
11((3,21),(15,7))
12((4,5),(25,43),(26,35))
13((4,9),(27,17))
14((5,49),(29,15),(15,46),(2,10),(21,30))
15((9,41),(6,47),(14,46),(11,7))
16((10,43),(18,2))
17((9,15),(20,18),(21,15),(29,24))
18((5,46),(16,2))
19((4,46),(4,47),(27,21))
20((17,18),(28,25))
21((7,18),(17,15),(22,33),(14,30))
22((2,6),(30,7),(21,33))
23((7,8),(28,5))
24((2,35),(27,14))
25((12,43),(5,41))
26((12,35))
27((6,41),(13,17),(24,14),(19,21))
28((20,25),(23,5))
29((14,15),(17,24))
30((22,7),(1,48))
