0((1,13),(2,38),(15,49),(38,50),(45,5),(58,27),(35,10))
1((0,13),(3,10),(5,36),(12,12),(27,16),(25,24),(36,2))
2((0,38),(7,1),(20,28),(55,41),(53,6),(37,2),(41,37),(28,38),(15,41))
3((1,10),(4,13),(6,29),(8,26),(9,41),(11,41),(32,29))
4((3,13),(10,39),(24,4),(39,10))
5((1,36),(23,24),(23,8))
6((3,29),(26,48))
7((2,1),(37,22),(28,38),(31,29),(9,24),(44,50))
8((3,26),(13,4),(16,11),(31,2),(41,28))
9((3,41),(14,4),(21,33),(30,36),(7,24),(28,13))
10((4,39),(25,33),(56,26),(13,33))
11((3,41),(45,20))
12((1,12),(22,19),(33,9))
13((8,4),(49,50),(38,28),(27,50),(10,33))
14((9,4),(44,15),(52,15),(25,7),(20,20))
15((0,49),(29,42),(51,46),(36,42),(19,3),(2,41))
16((8,11),(17,23),(20,24))
17((16,23),(18,25))
18((17,25),(19,50),(53,3))
19((18,50),(33,50),(15,3))
20((2,28),(22,30),(43,18),(16,24),(14,20),(36,18))
21((9,33),(33,32))
22((20,30),(34,8),(12,19))
23((5,24),(5,8),(47,35))
24((4,4),(35,48))
25((10,33),(28,21),(14,7),(1,24))
26((6,48),(50,33))
27((1,16),(47,8),(13,50))
28((25,21),(7,38),(9,13),(2,38))
29((15,42))
30((9,36),(54,6),(40,27),(36,39),(31,44))
31((8,2),(46,30),(7,29),(51,3),(33,25),(30,44))
32((3,29),(54,10),(43,50))
33((19,50),(43,40),(21,32),(12,9),(31,25))
34((22,8),(45,30),(35,10))
35((24,48),(36,44),(34,10),(0,10))
36((35,44),(15,42),(20,18),(30,39),(1,2))
37((7,22),(42,6),(2,2))
38((0,50),(40,16),(13,28))
39((4,10))
40((38,16),(54,7),(30,27))
41((8,28),(48,19),(2,37),(50,26))
42((37,6),(48,49),(43,1))
43((33,40),(52,33),(20,18),(32,50),(46,36),(42,1))
44((14,15),(7,50))
45((34,30),(47,8),(0,5),(11,20))
46((31,30),(43,36))
47((45,8),(27,8),(56,26),(23,35))
48((42,49),(53,17),(41,19))
49((13,50))
50((26,33),(41,26))
51((15,46),(57,37),(31,3))
52((43,33),(14,15))
53((48,17),(18,3),(2,6))
54((30,6),(32,10),(40,7))
55((2,41))
56((10,26),(47,26))
57((51,37))
58((0,27))
