0((1,47),(2,19),(3,3),(4,20),(8,24),(10,37),(17,11),(44,37),(26,33))
1((0,47),(6,49),(16,1),(13,46))
2((0,19),(55,45))
3((0,3),(5,20),(11,36),(52,1),(41,40))
4((0,20),(12,3),(13,36),(18,48),(29,22),(41,50),(50,50))
5((3,20),(7,10),(22,44),(39,47),(47,23),(53,38),(62,5))
6((1,49),(9,42),(43,36),(17,3))
7((5,10),(14,32),(16,14),(48,11))
8((0,24),(19,18),(20,13),(30,11),(33,2),(42,17),(41,24),(35,10),(35,3))
9((6,42),(15,9),(57,2),(34,20))
10((0,37),(36,22),(50,14),(37,49))
11((3,36),(35,34),(56,43),(58,26))
12((4,3),(23,11),(40,7),(42,20))
13((4,36),(1,46))
14((7,32),(45,13))
15((9,9),(32,50))
16((7,14),(51,35),(55,5),(1,1),(59,42),(43,14))
17((0,11),(24,19),(25,5),(54,4),(32,23),(32,49),(62,5),(48,7),(6,3))
18((4,48),(42,2))
19((8,18),(26,43),(28,27),(59,24))
20((8,13),(21,27))
21((20,27),(44,22),(22,34),(50,20))
22((5,44),(53,7),(21,34),(29,32))
23((12,11),(31,1),(34,23),(42,24))
24((17,19),(48,27))
25((17,5),(38,34),(46,2),(62,44))
26((19,43),(27,37),(0,33),(52,32))
27((26,37),(45,41),(43,15))
28((19,27),(61,9))
29((4,22),(43,49),(22,32),(39,13))
30((8,11),(39,25),(46,1))
31((23,1),(48,17))
32((15,50),(37,40),(17,23),(17,49))
33((8,2),(42,1))
34((23,23),(62,9),(9,20),(56,41))
35((11,34),(8,10),(8,3),(42,36))
36((10,22),(49,8))
37((32,40),(10,49))
38((25,34),(40,24),(59,7),(48,32))
39((5,47),(29,13),(30,25))
40((38,24),(50,22),(12,7))
41((4,50),(57,22),(3,40),(8,24),(51,1))
42((33,1),(8,17),(23,24),(18,2),(12,20),(35,36))
43((29,49),(60,12),(27,15),(16,14),(6,36),(49,39))
44((21,22),(0,37))
45((14,13),(27,41))
46((25,2),(30,1))
47((5,23),(57,20))
48((24,27),(31,17),(55,35),(7,11),(17,7),(38,32))
49((36,8),(43,39))
50((4,50),(40,22),(10,14),(21,20))
51((16,35),(41,1))
52((3,1),(58,1),(26,32))
53((5,38),(22,7),(62,8),(60,11))
54((17,4))
55((16,5),(61,19),(2,45),(48,35))
56((11,43),(34,41))
57((9,2),(41,22),(47,20))
58((52,1),(11,26))
59((38,7),(16,42),(19,24))
60((43,12),(53,11))
61((55,19),(28,9))
62((25,44),(34,9),(5,5),(17,5),(53,8))
