0((1,5),(5,17))
1((0,5),(2,45),(3,19),(4,11),(6,31),(10,2))
2((1,45),(7,27),(16,9))
3((1,19),(9,26),(24,23),(7,18),(16,38))
4((1,11),(8,13))
5((0,17),(13,19),(17,31),(25,13))
6((1,31),(11,23),(17,8),(26,12),(17,39),(12,7))
7((2,27),(23,19),(3,18),(21,11))
8((4,13),(18,46),(11,9),(18,39))
9((3,26),(21,9),(10,43))
10((1,2),(12,15),(14,17),(9,43))
11((6,23),(15,33),(8,9),(26,2))
12((10,15),(6,7),(27,11),(19,31))
13((5,19),(19,38))
14((10,17),(20,25))
15((11,33))
16((2,9),(22,18),(3,38))
17((6,8),(6,39),(27,42),(5,31))
18((8,46),(23,38),(25,31),(8,39))
19((13,38),(12,31))
20((14,25))
21((9,9),(7,11))
22((16,18))
23((18,38),(25,21),(7,19),(24,5))
24((3,23),(23,5))
25((23,21),(18,31),(5,13))
26((6,12),(11,2))
27((17,42),(12,11))
