0((1,8),(2,20),(15,38),(89,32),(14,24))
1((0,8),(3,30),(4,22),(10,38),(94,19),(79,40))
2((0,20),(5,6),(90,3),(36,10))
3((1,30),(7,28),(13,17),(24,23),(25,29),(92,38),(94,43),(62,4))
4((1,22),(6,14),(31,44),(39,27),(27,27),(29,34),(96,26))
5((2,6),(12,32),(17,36),(26,1),(46,11),(48,7),(26,14))
6((4,14),(21,25),(73,21),(68,8),(15,50))
7((3,28),(8,36),(33,15),(35,24),(43,12),(83,33),(80,4))
8((7,36),(9,7),(14,31),(93,44),(82,43))
9((8,7),(11,20),(22,36),(37,46),(41,2),(28,6),(86,29))
10((1,38),(74,27),(21,13))
11((9,20),(18,4),(58,42),(58,17),(33,48),(59,31))
12((5,32),(91,30),(60,13),(93,38),(80,6),(37,33),(25,18))
13((3,17),(23,46),(53,34),(25,46))
14((8,31),(16,45),(34,47),(60,50),(81,44),(0,24))
15((0,38),(27,35),(29,30),(77,30),(81,16),(54,21),(81,36),(6,50))
16((14,45),(19,6),(45,9))
17((5,36),(28,27))
18((11,4),(20,3),(42,25),(70,28))
19((16,6),(84,5))
20((18,3),(38,29))
21((6,25),(10,13))
22((9,36),(64,24))
23((13,46),(30,37),(40,14),(51,43),(70,21))
24((3,23),(66,12),(87,35))
25((3,29),(50,24),(13,46),(82,15),(12,18))
26((5,1),(86,4),(55,9),(5,14),(40,34))
27((15,35),(4,27),(43,12))
28((17,27),(54,46),(61,49),(9,6),(59,43),(92,32))
29((15,30),(32,1),(31,1),(4,34))
30((23,37),(32,1),(39,19),(63,4),(98,34),(66,13))
31((4,44),(36,40),(83,47),(29,1),(46,11))
32((30,1),(38,1),(29,1))
33((7,15),(82,46),(98,14),(11,48))
34((14,47),(47,47),(56,28),(35,29))
35((7,24),(62,21),(34,29),(93,50),(61,32),(93,27))
36((31,40),(2,10),(74,39),(45,5))
37((9,46),(59,18),(88,23),(62,42),(12,33),(78,21))
38((32,1),(78,47),(20,29))
39((30,19),(57,45),(4,27),(54,46))
40((23,14),(44,46),(77,47),(26,34))
41((9,2))
42((18,25),(52,35),(46,1),(99,4))
43((7,12),(27,12))
44((40,46),(71,29),(89,6),(80,12))
45((16,9),(49,22),(85,35),(70,36),(36,5))
46((5,11),(42,1),(52,23),(31,11))
47((34,47))
48((5,7),(55,18),(76,23))
49((45,22),(68,20),(52,20))
50((25,24),(60,20),(84,37),(72,46))
51((23,43),(66,45))
52((42,35),(54,37),(46,23),(90,49),(49,20))
53((13,34))
54((28,46),(69,22),(78,48),(96,42),(52,37),(15,21),(39,46))
55((48,18),(26,9),(74,34),(63,48))
56((34,28))
57((39,45),(65,19),(79,14))
58((11,42),(11,17),(91,41))
59((37,18),(79,46),(28,43),(81,5),(11,31))
60((14,50),(73,36),(91,45),(50,20),(12,13),(99,28))
61((28,49),(97,4),(85,24),(35,32),(75,3))
62((35,21),(89,38),(37,42),(3,4))
63((30,4),(55,48))
64((22,24),(93,8))
65((57,19))
66((24,12),(67,33),(72,30),(30,13),(51,45))
67((66,33))
68((49,20),(6,8))
69((54,22),(76,44))
70((23,21),(83,32),(18,28),(45,36))
71((44,29),(75,5),(80,43),(93,45))
72((66,30),(50,46))
73((60,36),(6,21),(88,17))
74((10,27),(55,34),(96,43),(36,39))
75((71,5),(61,3))
76((69,44),(48,23))
77((15,30),(40,47),(97,48))
78((54,48),(94,15),(84,30),(85,40),(38,47),(37,21))
79((57,14),(59,46),(1,40))
80((71,43),(44,12),(12,6),(7,4))
81((14,44),(94,28),(15,16),(15,36),(59,5))
82((33,46),(8,43),(25,15))
83((31,47),(70,32),(7,33))
84((19,5),(50,37),(78,30))
85((45,35),(61,24),(78,40))
86((26,4),(9,29))
87((24,35))
88((37,23),(73,17))
89((62,38),(0,32),(44,6))
90((2,3),(52,49))
91((60,45),(12,30),(58,41))
92((3,38),(28,32))
93((64,8),(8,44),(71,45),(35,50),(12,38),(35,27))
94((81,28),(95,20),(1,19),(78,15),(3,43))
95((94,20))
96((54,42),(74,43),(4,26))
97((61,4),(77,48))
98((30,34),(33,14))
99((42,4),(60,28))
