0((1,25),(2,25),(4,29),(21,45),(21,33),(28,6))
1((0,25),(3,46),(14,9),(22,32),(25,1),(35,37),(20,44),(21,28))
2((0,25),(12,28),(9,36),(21,8))
3((1,46),(5,49),(7,41),(16,46),(28,49),(37,32),(42,9))
4((0,29),(34,1))
5((3,49),(6,14),(13,8),(34,20),(38,22))
6((5,14),(8,29),(43,31),(39,8),(20,28))
7((3,41),(10,41),(15,23))
8((6,29),(9,40),(20,15))
9((8,40),(11,18),(2,36),(27,50),(37,40))
10((7,41),(18,4),(11,49))
11((9,18),(31,36),(33,16),(10,49))
12((2,28),(23,31),(24,47),(39,45))
13((5,8),(19,12),(18,30),(35,12))
14((1,9),(17,17),(40,18),(45,19),(18,41),(23,37))
15((7,23),(29,50))
16((3,46),(26,37),(41,4),(40,40),(45,28),(22,33))
17((14,17),(37,41))
18((10,4),(32,19),(13,30),(43,48),(14,41))
19((13,12),(30,26))
20((8,15),(1,44),(30,32),(45,34),(6,28))
21((0,45),(27,2),(46,23),(2,8),(0,33),(1,28))
22((1,32),(16,33))
23((12,31),(14,37),(26,32))
24((12,47),(29,48))
25((1,1),(35,38))
26((16,37),(45,5),(44,24),(23,32))
27((21,2),(45,31),(9,50),(37,34))
28((3,49),(46,40),(0,6))
29((15,50),(44,42),(24,48))
30((19,26),(47,18),(20,32),(35,20))
31((11,36),(42,28))
32((18,19),(36,28))
33((11,16))
34((5,20),(4,1))
35((1,37),(42,6),(13,12),(25,38),(30,20))
36((32,28),(45,49))
37((17,41),(3,32),(27,34),(9,40))
38((5,22))
39((12,45),(6,8))
40((14,18),(16,40))
41((16,4),(45,35))
42((31,28),(35,6),(3,9))
43((6,31),(18,48))
44((29,42),(26,24))
45((26,5),(27,31),(41,35),(36,49),(14,19),(16,28),(20,34))
46((21,23),(28,40))
47((30,18))
