0((1,37),(2,22),(3,38),(20,48),(25,21),(33,9),(40,48))
1((0,37),(21,19),(57,28))
2((0,22),(6,34),(8,48),(10,36),(14,16),(15,37),(32,8),(12,24),(35,19),(52,17))
3((0,38),(4,48),(5,2),(47,32),(12,40),(4,35))
4((3,48),(7,16),(18,2),(22,18),(3,35))
5((3,2),(13,12),(28,36))
6((2,34),(43,20),(8,45),(36,21),(14,3))
7((4,16),(43,13),(47,8))
8((2,48),(9,36),(55,47),(6,45),(47,48))
9((8,36),(11,14),(12,33),(22,9),(44,50))
10((2,36),(54,39))
11((9,14),(46,4),(36,14),(16,12),(59,24))
12((9,33),(19,16),(3,40),(2,24),(51,17))
13((5,12),(31,25),(51,3),(48,3))
14((2,16),(17,49),(24,26),(49,14),(6,3))
15((2,37),(16,25),(18,20))
16((15,25),(23,48),(31,38),(11,12))
17((14,49),(39,14),(41,34),(18,30),(24,23))
18((4,2),(17,30),(15,20),(27,18))
19((12,16),(27,32),(30,11),(50,27))
20((0,48),(50,2),(46,2))
21((1,19),(26,28),(29,36),(23,7),(48,34),(40,35),(52,21))
22((9,9),(48,45),(50,26),(4,18),(56,23))
23((16,48),(32,26),(21,7))
24((14,26),(17,23))
25((0,21),(34,38),(29,41))
26((21,28),(35,10))
27((19,32),(50,13),(18,18))
28((5,36))
29((21,36),(37,50),(45,11),(25,41),(38,3))
30((19,11),(36,45),(58,14),(37,25),(39,10))
31((13,25),(44,10),(32,12),(16,38))
32((2,8),(42,23),(23,26),(31,12),(49,46),(36,5))
33((0,9),(38,17))
34((25,38),(52,35))
35((26,10),(2,19))
36((30,45),(11,14),(6,21),(32,5),(43,15))
37((29,50),(53,24),(30,25),(50,10))
38((33,17),(29,3))
39((17,14),(41,40),(30,10))
40((0,48),(57,38),(21,35))
41((39,40),(17,34))
42((32,23))
43((7,13),(6,20),(36,15))
44((9,50),(31,10))
45((29,11),(59,3),(47,24))
46((11,4),(56,14),(20,2))
47((7,8),(49,31),(3,32),(8,48),(45,24))
48((22,45),(13,3),(21,34))
49((47,31),(32,46),(14,14))
50((20,2),(22,26),(27,13),(37,10),(19,27))
51((13,3),(54,29),(12,17))
52((34,35),(2,17),(21,21))
53((37,24),(58,13))
54((51,29),(10,39))
55((8,47))
56((46,14),(22,23))
57((1,28),(40,38))
58((30,14),(53,13))
59((45,3),(11,24))
