0((1,39),(4,35),(7,41),(8,9),(19,47),(24,29),(29,16))
1((0,39),(2,43),(9,48),(14,31),(20,3),(30,27),(30,41))
2((1,43),(3,48),(31,34),(20,35))
3((2,48),(5,35),(25,13),(18,16))
4((0,35),(6,16))
5((3,35),(12,33))
6((4,16),(21,10),(27,46),(18,43))
7((0,41),(10,40),(18,25))
8((0,9),(11,11),(17,45))
9((1,48),(23,34),(29,7),(30,38),(25,32),(21,39))
10((7,40))
11((8,11),(13,11),(22,12),(19,21),(28,18))
12((5,33))
13((11,11))
14((1,31),(15,29),(16,39),(17,34))
15((14,29),(17,27),(25,4))
16((14,39),(19,47))
17((15,27),(29,16),(14,34),(8,45))
18((7,25),(3,16),(6,43))
19((0,47),(28,24),(11,21),(28,50),(16,47))
20((1,3),(2,35),(30,19))
21((6,10),(9,39),(32,27))
22((11,12),(27,5),(31,9))
23((9,34),(25,35))
24((0,29),(26,50))
25((15,4),(3,13),(9,32),(23,35))
26((24,50))
27((6,46),(22,5),(28,37))
28((19,24),(19,50),(11,18),(27,37))
29((9,7),(0,16),(17,16))
30((9,38),(1,27),(20,19),(1,41))
31((2,34),(22,9))
32((21,27))
