0((1,33),(2,47),(3,30),(13,18),(15,47),(29,46),(37,11),(18,20),(29,29),(37,2))
1((0,33),(6,16),(19,4),(28,1))
2((0,47),(4,26),(5,15),(31,17),(5,32))
3((0,30),(8,23),(10,18),(23,19),(13,39),(25,13))
4((2,26),(7,19),(9,25),(36,22),(9,20))
5((2,15),(11,2),(16,46),(2,32))
6((1,16),(12,38),(24,48),(30,43),(12,27),(10,49))
7((4,19),(18,4),(35,42))
8((3,23))
9((4,25),(25,31),(32,6),(4,20))
10((3,18),(33,14),(6,49),(13,28),(28,33))
11((5,2))
12((6,38),(20,44),(6,27),(28,43),(24,2))
13((0,18),(14,34),(17,46),(21,37),(36,46),(3,39),(10,28))
14((13,34),(37,11),(20,16))
15((0,47),(27,14))
16((5,46),(22,43))
17((13,46),(26,7),(22,3),(21,22))
18((7,4),(0,20),(36,41))
19((1,4),(22,19),(27,48))
20((12,44),(22,35),(14,16))
21((13,37),(27,1),(17,22))
22((19,19),(16,43),(33,18),(17,3),(20,35))
23((3,19),(34,39))
24((6,48),(12,2))
25((9,31),(3,13))
26((17,7))
27((21,1),(35,13),(15,14),(19,48),(37,8))
28((1,1),(36,44),(36,34),(12,43),(10,33))
29((0,46),(0,29))
30((6,43))
31((2,17))
32((9,6))
33((10,14),(22,18))
34((23,39))
35((27,13),(7,42))
36((13,46),(4,22),(28,44),(28,34),(18,41))
37((0,11),(14,11),(27,8),(0,2))
