0((1,48),(33,40),(57,14),(59,35),(31,49))
1((0,48),(2,25),(3,34),(6,31),(47,16))
2((1,25),(4,20),(5,44),(7,40),(28,16),(29,44),(42,14),(50,25),(13,50))
3((1,34),(15,15),(53,6),(48,4))
4((2,20),(21,26),(25,49),(35,25))
5((2,44),(8,47),(11,23),(19,2),(30,24),(40,37),(63,32))
6((1,31),(9,50),(10,39),(12,3),(33,50),(61,2))
7((2,40),(39,43),(24,8))
8((5,47),(14,33))
9((6,50),(13,28),(16,18),(20,49),(11,14))
10((6,39),(17,47),(34,28),(33,21),(57,23),(35,13))
11((5,23),(24,29),(67,18),(9,14),(19,31))
12((6,3))
13((9,28),(66,5),(18,3),(2,50))
14((8,33),(26,43),(45,11),(45,31))
15((3,15),(18,14))
16((9,18),(20,5),(55,39))
17((10,47),(31,45),(32,32),(47,49),(54,13),(29,27))
18((15,14),(48,48),(13,3),(50,22))
19((5,2),(22,43),(27,10),(62,5),(45,30),(11,31),(56,8))
20((9,49),(16,5),(30,2))
21((4,26),(36,49),(57,23))
22((19,43),(23,20),(37,35),(66,49),(26,25))
23((22,20),(61,35))
24((11,29),(56,29),(67,3),(7,8))
25((4,49),(36,30))
26((14,43),(22,25),(32,13))
27((19,10),(43,17),(54,46))
28((2,16),(41,20))
29((2,44),(38,45),(17,27))
30((5,24),(44,13),(59,4),(20,2),(44,9))
31((17,45),(47,16),(0,49))
32((17,32),(26,13))
33((0,40),(51,13),(6,50),(10,21),(42,15))
34((10,28),(49,8),(41,15),(40,19))
35((4,25),(59,9),(10,13))
36((25,30),(60,18),(21,49),(42,27))
37((22,35),(41,11),(52,41),(51,26),(39,16))
38((29,45),(60,6))
39((7,43),(46,42),(37,16))
40((5,37),(60,31),(43,35),(67,16),(34,19))
41((28,20),(45,37),(37,11),(34,15))
42((2,14),(36,27),(33,15))
43((27,17),(61,9),(59,21),(40,35))
44((30,13),(57,8),(45,10),(58,31),(30,9))
45((41,37),(44,10),(14,11),(19,30),(14,31))
46((39,42),(52,4))
47((1,16),(56,49),(31,16),(17,49),(49,13))
48((18,48),(3,4))
49((34,8),(47,13))
50((2,25),(18,22))
51((33,13),(37,26))
52((46,4),(37,41))
53((3,6),(55,21),(58,45))
54((27,46),(17,13))
55((53,21),(64,27),(16,39))
56((24,29),(47,49),(65,50),(19,8))
57((44,8),(65,24),(21,23),(0,14),(10,23))
58((53,45),(44,31))
59((30,4),(43,21),(35,9),(0,35))
60((40,31),(62,16),(36,18),(38,6))
61((43,9),(6,2),(23,35))
62((60,16),(19,5),(64,24))
63((5,32))
64((55,27),(67,1),(62,24))
65((57,24),(56,50))
66((13,5),(22,49))
67((11,18),(64,1),(24,3),(40,16))
