0((1,27),(2,26),(9,50),(17,22))
1((0,27),(5,29),(6,38),(8,42),(3,2),(22,26),(24,50))
2((0,26),(3,8),(4,37),(22,21),(24,36),(28,7),(18,46))
3((2,8),(1,2))
4((2,37),(10,39),(13,29),(16,14),(29,32))
5((1,29),(7,13),(19,9),(12,41))
6((1,38),(29,1))
7((5,13),(16,35),(30,12))
8((1,42))
9((0,50),(12,31),(15,14))
10((4,39),(11,1),(15,2),(21,6),(27,29),(29,13))
11((10,1),(28,23),(17,30))
12((9,31),(14,2),(5,41))
13((4,29),(29,45),(15,41))
14((12,2),(18,10),(19,4),(20,12),(26,14),(31,33),(24,20))
15((10,2),(30,15),(9,14),(13,41))
16((7,35),(4,14))
17((0,22),(23,40),(31,38),(11,30),(29,9))
18((14,10),(26,49),(2,46),(20,21),(28,46))
19((14,4),(5,9))
20((14,12),(18,21))
21((10,6))
22((2,21),(1,26))
23((17,40))
24((2,36),(25,39),(30,21),(32,45),(1,50),(14,20))
25((24,39))
26((18,49),(14,14))
27((10,29))
28((11,23),(2,7),(18,46))
29((13,45),(6,1),(4,32),(10,13),(17,9))
30((7,12),(24,21),(15,15))
31((17,38),(32,18),(14,33))
32((31,18),(24,45))
