0((1,39),(2,22),(12,24),(13,23),(17,15),(34,38),(38,5),(78,9),(93,45))
1((0,39),(8,39),(27,32))
2((0,22),(3,41),(4,40),(5,8),(28,38),(37,34),(76,5),(31,44),(100,21))
3((2,41),(6,31),(30,42),(32,31),(66,2))
4((2,40),(7,2),(40,37),(62,39),(85,28),(87,37),(39,17),(24,47))
5((2,8),(10,32),(24,20),(33,40),(43,20))
6((3,31),(9,48),(21,11),(80,34),(8,4),(89,24))
7((4,2),(14,19),(15,50),(18,34),(49,30),(70,48),(94,35),(100,27),(48,8))
8((1,39),(6,4),(63,25))
9((6,48),(11,30),(16,18))
10((5,32),(20,31),(57,31),(83,38),(35,23),(96,24),(13,35))
11((9,30),(19,44),(65,50))
12((0,24),(23,44),(58,33),(92,41))
13((0,23),(22,33),(25,16),(75,13),(10,35),(90,13))
14((7,19),(89,28),(98,18))
15((7,50),(64,10),(51,30))
16((9,18),(26,9),(50,28))
17((0,15),(48,48),(34,5))
18((7,34))
19((11,44),(97,22),(99,22),(46,12),(93,5),(24,46),(42,16))
20((10,31),(81,32),(99,27),(57,21),(102,48),(94,26))
21((6,11),(100,40))
22((13,33),(90,30),(96,30),(73,36))
23((12,44),(53,19),(71,2),(33,45))
24((5,20),(19,46),(4,47))
25((13,16),(36,41),(51,10),(102,13),(103,48))
26((16,9),(29,38),(28,50),(41,47))
27((1,32),(31,21),(42,15),(37,41))
28((2,38),(26,50),(68,42),(36,9))
29((26,38),(46,23),(61,6),(51,1))
30((3,42),(69,31),(62,26),(97,11))
31((27,21),(47,33),(52,38),(2,44),(70,27))
32((3,31),(35,11),(63,42),(56,10),(83,27),(42,38))
33((5,40),(41,9),(23,45))
34((0,38),(44,18),(17,5))
35((32,11),(39,37),(10,23),(61,20),(84,17),(58,2),(90,2))
36((25,41),(102,16),(82,6),(28,9))
37((2,34),(95,43),(27,41),(68,17))
38((0,5),(55,15),(56,29),(59,22))
39((35,37),(45,14),(99,10),(80,50),(40,33),(4,17),(46,44),(92,11))
40((4,37),(85,30),(39,33))
41((33,9),(26,47),(43,50))
42((27,15),(32,38),(19,16))
43((5,20),(54,49),(84,44),(77,36),(41,50))
44((34,18),(92,48))
45((39,14),(90,17))
46((29,23),(68,36),(82,32),(19,12),(39,44),(93,6))
47((31,33),(81,44),(54,44))
48((17,48),(92,39),(7,8),(52,26))
49((7,30))
50((16,28))
51((25,10),(15,30),(29,1),(70,1),(90,19),(90,50))
52((31,38),(60,27),(48,26))
53((23,19),(80,28))
54((43,49),(47,44))
55((38,15),(67,42),(72,38))
56((38,29),(32,10),(79,20))
57((10,31),(63,12),(79,49),(20,21),(96,30))
58((12,33),(91,19),(59,37),(35,2))
59((38,22),(74,28),(58,37),(92,44),(95,44))
60((52,27),(76,12))
61((29,6),(82,3),(78,38),(35,20))
62((4,39),(30,26))
63((57,12),(77,43),(32,42),(73,28),(82,6),(8,25),(92,38))
64((15,10),(73,45),(101,33))
65((11,50))
66((3,2))
67((55,42))
68((46,36),(28,42),(37,17))
69((30,31),(78,4))
70((7,48),(31,27),(51,1))
71((23,2),(86,31),(73,21))
72((55,38))
73((64,45),(22,36),(63,28),(71,21))
74((59,28),(103,47))
75((13,13),(93,43))
76((2,5),(60,12))
77((63,43),(93,38),(43,36))
78((0,9),(86,10),(69,4),(61,38))
79((57,49),(56,20),(100,39))
80((6,34),(39,50),(53,28))
81((20,32),(47,44))
82((46,32),(88,47),(61,3),(63,6),(36,6),(92,1))
83((10,38),(32,27),(93,21))
84((43,44),(96,21),(35,17))
85((4,28),(40,30))
86((78,10),(96,3),(71,31))
87((4,37),(97,38),(91,5))
88((82,47))
89((14,28),(6,24),(96,45))
90((22,30),(45,17),(13,13),(51,19),(51,50),(35,2))
91((58,19),(87,5))
92((48,39),(59,44),(63,38),(12,41),(44,48),(39,11),(82,1))
93((75,43),(77,38),(0,45),(19,5),(83,21),(46,6))
94((7,35),(20,26))
95((37,43),(100,4),(59,44))
96((84,21),(22,30),(10,24),(86,3),(57,30),(89,45))
97((19,22),(30,11),(87,38),(99,47))
98((14,18))
99((19,22),(20,27),(39,10),(97,47))
100((7,27),(101,36),(95,4),(21,40),(2,21),(79,39))
101((100,36),(64,33))
102((25,13),(20,48),(36,16))
103((25,48),(74,47))
