0((1,17),(4,3),(20,26))
1((0,17),(2,40),(3,37),(9,4),(35,41),(2,50),(61,16),(12,37))
2((1,40),(5,42),(6,2),(10,24),(13,42),(37,6),(23,43),(1,50))
3((1,37),(7,24),(12,15),(14,35),(34,28),(51,41),(21,9))
4((0,3),(64,21))
5((2,42),(8,39),(20,25))
6((2,2),(19,46),(23,9),(26,37),(61,46),(33,20),(53,18),(41,1))
7((3,24),(11,18),(22,1),(15,32),(51,34))
8((5,39),(15,37),(25,22))
9((1,4),(16,41),(26,11),(36,35))
10((2,24),(21,31),(29,23),(60,11))
11((7,18),(24,34),(43,23),(31,20),(20,30),(29,16))
12((3,15),(27,26),(32,29),(51,8),(26,22),(37,27),(50,50),(1,37),(14,25))
13((2,42),(18,43),(41,21),(44,36))
14((3,35),(54,8),(59,30),(56,7),(50,40),(43,10),(12,25))
15((8,37),(17,50),(7,32))
16((9,41))
17((15,50),(31,18))
18((13,43),(56,14))
19((6,46),(59,23))
20((5,25),(57,26),(24,22),(0,26),(11,30))
21((10,31),(58,20),(51,23),(42,43),(3,9),(52,47))
22((7,1),(28,43),(40,2))
23((6,9),(30,9),(44,7),(56,20),(2,43),(51,13))
24((11,34),(20,22))
25((8,22),(42,50),(48,34),(41,35))
26((6,37),(12,22),(9,11))
27((12,26),(45,13),(30,21),(28,10))
28((22,43),(38,11),(27,10))
29((10,23),(11,16))
30((23,9),(50,42),(27,21),(50,27),(32,6))
31((17,18),(52,35),(11,20))
32((12,29),(33,49),(36,4),(46,44),(59,45),(30,6))
33((32,49),(63,24),(6,20),(48,22))
34((3,28))
35((1,41),(39,7),(44,31),(45,4))
36((32,4),(49,33),(9,35))
37((2,6),(12,27))
38((28,11),(57,48),(53,18),(45,45))
39((35,7))
40((22,2),(63,48),(46,4))
41((13,21),(25,35),(6,1))
42((25,50),(21,43))
43((11,23),(47,44),(14,10))
44((23,7),(13,36),(35,31))
45((27,13),(55,2),(38,45),(35,4))
46((32,44),(40,4))
47((43,44),(62,34))
48((25,34),(33,22))
49((36,33))
50((30,42),(14,40),(12,50),(30,27))
51((12,8),(53,32),(3,41),(54,17),(21,23),(7,34),(23,13),(61,36))
52((31,35),(60,17),(21,47))
53((51,32),(6,18),(57,12),(38,18))
54((14,8),(62,19),(51,17),(64,19))
55((45,2))
56((23,20),(14,7),(18,14))
57((38,48),(20,26),(53,12))
58((21,20))
59((14,30),(32,45),(19,23))
60((10,11),(52,17))
61((6,46),(1,16),(62,32),(51,36))
62((54,19),(61,32),(47,34))
63((33,24),(40,48))
64((54,19),(4,21))
