0((1,31),(2,19),(15,10),(46,30))
1((0,31),(3,4),(7,48),(9,39),(10,50),(51,39),(48,10),(44,31),(77,18),(17,16))
2((0,19),(6,11),(90,41))
3((1,4),(4,33),(8,45),(22,6),(52,42),(78,33),(10,34),(66,36))
4((3,33),(5,14),(16,4),(19,39),(31,45))
5((4,14),(30,3),(42,20),(19,33))
6((2,11),(24,23),(54,25),(102,9),(71,49))
7((1,48),(14,46),(17,39),(29,18),(84,39))
8((3,45),(13,38),(34,36),(49,12))
9((1,39),(11,50),(12,11),(103,9),(108,4),(81,42),(11,40))
10((1,50),(69,38),(3,34),(108,17))
11((9,50),(32,22),(102,25),(104,47),(35,23),(9,40))
12((9,11))
13((8,38),(27,16),(49,30),(81,21))
14((7,46),(18,18),(20,29),(21,38),(79,2),(30,28),(41,33),(80,21))
15((0,10),(23,31),(64,20),(92,34),(64,41))
16((4,4),(60,26),(94,18),(72,28),(43,38),(92,24),(102,43))
17((7,39),(28,26),(35,12),(42,27),(67,40),(47,44),(1,16))
18((14,18),(26,24))
19((4,39),(36,33),(88,35),(5,33))
20((14,29),(25,27),(74,4),(48,9),(61,41),(47,33))
21((14,38),(38,15),(62,45))
22((3,6),(45,6),(88,46))
23((15,31),(39,13),(87,21),(54,47))
24((6,23),(45,16),(103,24),(48,46),(63,12))
25((20,27),(37,10))
26((18,24),(46,37),(48,12),(72,32),(63,49),(45,20),(64,48))
27((13,16),(43,31),(48,24),(90,29),(31,7))
28((17,26),(66,25))
29((7,18),(41,4))
30((5,3),(33,45),(40,38),(65,38),(73,29),(14,28),(108,4))
31((4,45),(44,40),(41,13),(53,26),(27,7))
32((11,22),(68,4),(77,9))
33((30,45))
34((8,36))
35((17,12),(66,1),(11,23),(39,7))
36((19,33),(41,9),(71,36),(101,14),(48,22),(38,18),(58,45))
37((25,10),(106,49),(55,24),(101,22))
38((21,15),(58,7),(63,29),(54,24),(36,18))
39((23,13),(57,2),(35,7),(92,50),(49,33))
40((30,38),(53,32),(61,3),(85,40),(53,10))
41((36,9),(31,13),(49,34),(14,33),(29,4))
42((17,27),(95,38),(5,20),(108,17),(89,20))
43((27,31),(16,38),(58,48),(81,24),(99,38))
44((31,40),(1,31))
45((24,16),(81,46),(22,6),(26,20),(97,44))
46((26,37),(47,34),(0,30))
47((46,34),(94,3),(17,44),(20,33))
48((26,12),(50,34),(80,35),(82,6),(1,10),(20,9),(27,24),(36,22),(24,46),(67,23))
49((13,30),(41,34),(8,12),(39,33))
50((48,34),(59,25),(89,19))
51((1,39),(93,47))
52((3,42),(76,35))
53((40,32),(55,16),(56,33),(87,39),(31,26),(40,10),(78,30))
54((6,25),(75,13),(38,24),(23,47))
55((53,16),(37,24),(93,37),(67,23))
56((53,33),(99,7),(63,40))
57((39,2),(70,33),(83,35),(107,40),(91,27))
58((38,7),(100,19),(84,34),(43,48),(66,8),(36,45))
59((50,25),(70,42),(68,36))
60((16,26))
61((40,3),(20,41))
62((21,45))
63((38,29),(26,49),(24,12),(56,40))
64((15,20),(80,8),(15,41),(26,48))
65((30,38))
66((35,1),(97,36),(99,50),(88,13),(80,14),(28,25),(3,36),(58,8))
67((17,40),(77,12),(55,23),(48,23))
68((32,4),(59,36))
69((10,38))
70((57,33),(59,42),(89,15))
71((36,36),(82,14),(6,49))
72((26,32),(83,23),(16,28),(96,2),(92,25))
73((30,29),(76,38))
74((20,4),(93,19))
75((54,13),(105,25))
76((52,35),(73,38))
77((32,9),(67,12),(1,18))
78((3,33),(53,30))
79((14,2))
80((48,35),(64,8),(66,14),(14,21))
81((45,46),(91,20),(13,21),(43,24),(9,42))
82((48,6),(86,38),(99,50),(71,14))
83((57,35),(104,19),(72,23))
84((7,39),(98,21),(58,34))
85((40,40),(107,22))
86((82,38),(106,7))
87((23,21),(96,23),(97,39),(53,39))
88((19,35),(66,13),(22,46))
89((50,19),(42,20),(70,15))
90((2,41),(108,48),(27,29),(91,36))
91((81,20),(57,27),(99,43),(90,36))
92((15,34),(72,25),(16,24),(39,50))
93((74,19),(55,37),(51,47))
94((47,3),(16,18),(103,21))
95((42,38))
96((87,23),(72,2))
97((66,36),(103,21),(87,39),(45,44))
98((84,21))
99((66,50),(91,43),(82,50),(56,7),(43,38))
100((58,19))
101((36,14),(37,22))
102((11,25),(16,43),(6,9))
103((9,9),(97,21),(94,21),(24,24))
104((83,19),(11,47))
105((75,25))
106((37,49),(86,7))
107((57,40),(85,22))
108((9,4),(42,17),(90,48),(30,4),(10,17))
