0((1,49),(2,31),(4,28),(6,30),(10,47),(37,4),(39,41),(53,47))
1((0,49),(3,38),(7,9),(18,25),(26,48),(4,35))
2((0,31),(5,20),(9,2),(46,41),(38,6))
3((1,38),(19,45),(20,39),(22,22))
4((0,28),(8,4),(47,14),(1,35))
5((2,20))
6((0,30),(21,8),(50,41))
7((1,9),(11,35),(12,38),(15,34),(30,5))
8((4,4),(13,27),(16,39),(53,39),(47,16),(52,22),(39,20))
9((2,2),(14,47),(17,26),(23,46))
10((0,47),(23,26),(30,6),(29,14))
11((7,35),(22,33),(25,21),(32,21),(45,22),(15,11))
12((7,38),(43,39),(33,17),(49,42),(25,40))
13((8,27),(24,1),(19,45),(46,41))
14((9,47),(41,22),(49,26),(19,39))
15((7,34),(27,7),(11,11),(38,30))
16((8,39),(28,20),(20,6))
17((9,26),(45,28))
18((1,25),(51,22),(19,23))
19((3,45),(31,25),(18,23),(34,10),(49,37),(43,9),(13,45),(14,39))
20((3,39),(34,2),(47,12),(16,6))
21((6,8))
22((11,33),(29,12),(3,22))
23((9,46),(49,35),(10,26))
24((13,1))
25((11,21),(46,25),(12,40))
26((1,48),(33,34),(37,8))
27((15,7),(30,33))
28((16,20),(37,42),(39,20))
29((22,12),(49,33),(35,48),(34,49),(10,14))
30((27,33),(38,49),(40,10),(10,6),(7,5),(35,7),(43,32))
31((19,25),(46,16))
32((11,21),(35,7))
33((26,34),(12,17))
34((20,2),(19,10),(29,49),(41,2))
35((32,7),(36,33),(44,25),(52,42),(29,48),(30,7))
36((35,33))
37((28,42),(42,5),(0,4),(26,8))
38((30,49),(47,7),(2,6),(15,30))
39((28,20),(0,41),(8,20))
40((30,10))
41((14,22),(34,2))
42((37,5))
43((12,39),(45,34),(19,9),(51,38),(30,32))
44((35,25),(48,32))
45((43,34),(11,22),(17,28))
46((2,41),(25,25),(13,41),(31,16))
47((38,7),(48,23),(20,12),(4,14),(8,16))
48((47,23),(44,32))
49((29,33),(23,35),(19,37),(14,26),(12,42))
50((6,41))
51((18,22),(43,38))
52((35,42),(8,22))
53((8,39),(0,47))
