0((1,7),(5,26),(6,35),(10,21),(20,6))
1((0,7),(2,23),(3,46),(32,36),(29,1),(66,4),(35,5),(25,43))
2((1,23),(4,27),(18,44),(50,19),(29,28),(42,42))
3((1,46),(8,8),(11,20),(23,12),(46,33),(59,18))
4((2,27),(7,45),(19,29),(61,7),(29,9),(39,1))
5((0,26),(26,14),(38,45),(60,44),(8,1))
6((0,35),(17,39),(29,12),(43,43),(32,16),(62,1),(42,38))
7((4,45),(9,35),(14,31),(16,16),(31,31))
8((3,8),(53,23),(57,11),(52,45),(5,1))
9((7,35),(13,27),(22,38),(41,6),(24,30),(42,14))
10((0,21),(15,5),(33,7))
11((3,20),(12,24),(30,50))
12((11,24),(21,10),(14,41),(47,45),(56,30))
13((9,27),(27,17),(28,42),(44,31),(64,36))
14((7,31),(40,41),(57,39),(12,41),(48,4))
15((10,5),(65,40),(42,21),(22,28))
16((7,16),(56,1))
17((6,39),(35,15))
18((2,44),(51,21),(61,49),(43,45),(59,2),(24,28))
19((4,29),(24,25))
20((0,6),(63,21),(63,46))
21((12,10),(24,13),(35,40),(65,27),(45,39))
22((9,38),(25,39),(47,49),(15,28),(64,1))
23((3,12),(29,22))
24((21,13),(9,30),(18,28),(19,25))
25((22,39),(34,1),(36,11),(1,43),(66,27))
26((5,14),(58,26),(41,39))
27((13,17),(39,48),(52,35))
28((13,42),(59,27))
29((6,12),(57,25),(2,28),(1,1),(4,9),(23,22))
30((11,50),(33,50),(56,32))
31((7,31))
32((1,36),(37,46),(61,39),(6,16),(54,30),(45,23))
33((10,7),(30,50))
34((25,1),(41,3))
35((17,15),(21,40),(66,11),(1,5))
36((25,11),(52,8))
37((32,46))
38((5,45),(45,16),(52,45))
39((27,48),(42,39),(4,1))
40((14,41))
41((34,3),(55,17),(58,40),(9,6),(26,39))
42((39,39),(2,42),(15,21),(9,14),(6,38))
43((6,43),(18,45))
44((13,31),(48,33),(47,45))
45((38,16),(32,23),(21,39))
46((3,33))
47((22,49),(61,22),(12,45),(44,45),(65,38))
48((44,33),(49,33),(14,4),(52,46))
49((48,33))
50((2,19),(65,48))
51((18,21),(60,31))
52((38,45),(54,24),(8,45),(48,46),(36,8),(27,35))
53((8,23))
54((52,24),(32,30))
55((41,17),(60,22))
56((16,1),(12,30),(30,32))
57((8,11),(29,25),(14,39),(59,6))
58((41,40),(26,26))
59((3,18),(28,27),(18,2),(57,6),(64,15))
60((55,22),(62,35),(5,44),(51,31))
61((47,22),(18,49),(32,39),(4,7))
62((60,35),(6,1))
63((20,21),(20,46))
64((13,36),(59,15),(22,1))
65((15,40),(21,27),(47,38),(50,48))
66((35,11),(1,4),(25,27))
