0((1,10),(10,25),(21,8),(59,14),(63,22))
1((0,10),(2,23),(13,49),(16,3),(20,31),(26,44),(44,8),(61,22),(27,36))
2((1,23),(3,26),(6,38),(7,13),(8,39),(25,26))
3((2,26),(4,4),(15,38),(15,28))
4((3,4),(5,17),(9,1),(12,48),(49,13))
5((4,17),(23,10),(42,37),(57,24))
6((2,38),(11,24),(14,39),(36,48))
7((2,13),(19,45),(50,16),(53,23),(18,38),(72,8),(72,22))
8((2,39),(17,3),(24,24),(33,18),(54,25),(69,39))
9((4,1),(27,42),(34,6),(36,30),(45,31),(25,21),(50,4))
10((0,25),(39,47),(52,45),(35,46))
11((6,24),(31,10))
12((4,48),(75,48))
13((1,49),(60,4),(23,36),(24,47),(30,17))
14((6,39),(37,27),(37,37),(58,11))
15((3,38),(22,22),(55,31),(3,28),(32,33))
16((1,3),(28,36),(41,40),(53,14),(51,50))
17((8,3),(18,26),(32,6),(53,43),(71,39),(72,7))
18((17,26),(48,31),(7,38),(38,28),(32,3))
19((7,45),(72,30))
20((1,31))
21((0,8),(30,3),(57,35))
22((15,22),(46,46))
23((5,10),(30,34),(40,46),(74,28),(13,36))
24((8,24),(45,21),(13,47))
25((2,26),(33,28),(9,21),(47,14),(64,18))
26((1,44),(29,30),(35,17))
27((9,42),(38,31),(57,23),(68,46),(1,36))
28((16,36),(38,32),(43,7),(62,28),(47,30),(49,17))
29((26,30))
30((23,34),(21,3),(45,25),(13,17))
31((11,10),(47,34))
32((17,6),(35,29),(15,33),(60,32),(34,36),(53,40),(18,3))
33((25,28),(39,34),(8,18),(35,11))
34((9,6),(32,36))
35((32,29),(46,14),(26,17),(68,18),(48,39),(10,46),(33,11))
36((9,30),(6,48),(37,48))
37((14,27),(54,15),(14,37),(62,19),(36,48))
38((28,32),(56,9),(27,31),(44,25),(18,28))
39((10,47),(51,13),(69,50),(33,34),(72,40))
40((23,46),(56,5))
41((16,40),(66,21),(43,3))
42((5,37),(55,25))
43((28,7),(60,39),(41,3),(49,46))
44((1,8),(66,40),(38,25))
45((9,31),(24,21),(52,6),(30,25))
46((35,14),(22,46),(52,3))
47((31,34),(28,30),(25,14))
48((18,31),(64,20),(70,9),(35,39))
49((4,13),(28,17),(43,46))
50((7,16),(71,40),(71,28),(9,4))
51((39,13),(68,18),(16,50))
52((10,45),(45,6),(46,3))
53((7,23),(65,24),(16,14),(17,43),(32,40))
54((37,15),(8,25),(64,7))
55((15,31),(58,25),(42,25))
56((38,9),(69,19),(40,5))
57((5,24),(27,23),(21,35),(72,8))
58((55,25),(14,11))
59((0,14),(67,20),(76,16))
60((43,39),(13,4),(32,32))
61((1,22))
62((28,28),(67,5),(37,19),(66,2))
63((0,22))
64((48,20),(54,7),(25,18))
65((53,24))
66((41,21),(62,2),(44,40))
67((59,20),(70,24),(62,5))
68((51,18),(35,18),(27,46))
69((39,50),(56,19),(8,39))
70((67,24),(48,9))
71((50,40),(73,41),(50,28),(17,39))
72((19,30),(7,8),(7,22),(57,8),(39,40),(17,7))
73((71,41),(74,7))
74((23,28),(73,7))
75((12,48))
76((59,16))
