0((1,17),(2,9),(3,18),(4,38),(33,11),(71,12),(61,26),(45,1))
1((0,17),(9,17),(14,38),(17,2))
2((0,9),(19,28),(59,1),(37,8))
3((0,18),(6,15),(8,43),(12,29),(74,47),(74,9),(85,46),(25,21))
4((0,38),(5,1),(66,2),(31,16))
5((4,1),(23,11),(29,20))
6((3,15),(7,5),(73,44),(9,28),(82,36))
7((6,5),(61,45),(81,28),(85,49),(57,44))
8((3,43),(20,25),(22,14),(25,24),(57,16))
9((1,17),(10,10),(11,3),(26,48),(11,19),(6,28),(56,34))
10((9,10),(65,16),(45,19),(37,1))
11((9,3),(13,39),(28,35),(9,19),(73,37),(17,45))
12((3,29),(15,11),(16,41),(51,21),(28,28),(13,45))
13((11,39),(21,46),(42,39),(52,43),(18,47),(12,45))
14((1,38),(33,16))
15((12,11),(31,8))
16((12,41),(38,43),(62,19))
17((1,2),(18,32),(31,48),(32,6),(11,45),(33,5),(53,16),(51,46))
18((17,32),(13,47),(26,14),(84,50))
19((2,28),(39,16),(43,42))
20((8,25),(72,3))
21((13,46),(24,15))
22((8,14),(61,27),(63,47))
23((5,11),(27,31),(30,15),(41,13),(46,11))
24((21,15),(55,19),(56,22),(76,23))
25((8,24),(3,21))
26((9,48),(29,33),(37,12),(48,35),(54,5),(18,14),(43,48))
27((23,31),(75,24),(32,45))
28((11,35),(34,3),(35,6),(12,28),(58,44))
29((26,33),(60,35),(5,20))
30((23,15),(81,35))
31((17,48),(36,34),(45,37),(47,9),(15,8),(4,16))
32((17,6),(84,25),(57,39),(27,45),(69,45))
33((0,11),(40,11),(14,16),(74,34),(83,31),(17,5),(42,35))
34((28,3),(44,36),(36,7))
35((28,6),(56,26))
36((31,34),(64,36),(34,7))
37((26,12),(50,35),(2,8),(10,1),(67,47),(80,7))
38((16,43),(63,19),(68,16))
39((19,16),(69,11))
40((33,11),(63,40))
41((23,13),(53,15),(82,1),(83,22))
42((13,39),(49,42),(81,41),(33,35))
43((19,42),(69,34),(58,40),(26,48))
44((34,36),(57,43))
45((31,37),(10,19),(0,1),(70,32))
46((23,11),(69,25),(53,30),(83,29))
47((31,9),(66,22),(53,50),(76,46))
48((26,35),(79,30),(71,36))
49((42,42),(59,13),(63,2),(77,32))
50((37,35))
51((12,21),(71,21),(17,46),(70,39))
52((13,43),(68,29))
53((41,15),(68,38),(47,50),(17,16),(83,25),(46,30))
54((26,5),(68,7))
55((24,19))
56((24,22),(35,26),(9,34),(80,13))
57((44,43),(58,47),(67,48),(8,16),(32,39),(7,44))
58((57,47),(75,27),(43,40),(28,44))
59((49,13),(70,11),(2,1),(61,43),(68,6),(73,10))
60((29,35))
61((7,45),(78,32),(59,43),(22,27),(0,26))
62((16,19),(84,25))
63((49,2),(38,19),(82,28),(40,40),(22,47))
64((36,36),(85,50))
65((10,16))
66((47,22),(4,2),(85,37))
67((57,48),(80,1),(37,47))
68((52,29),(54,7),(77,47),(53,38),(59,6),(38,16))
69((43,34),(39,11),(46,25),(32,45))
70((59,11),(51,39),(45,32))
71((0,12),(48,36),(79,42),(51,21))
72((20,3))
73((6,44),(59,10),(11,37))
74((3,47),(3,9),(33,34))
75((27,24),(58,27))
76((24,23),(47,46))
77((49,32),(68,47))
78((61,32))
79((48,30),(71,42))
80((67,1),(37,7),(56,13))
81((7,28),(30,35),(42,41))
82((41,1),(6,36),(63,28))
83((41,22),(33,31),(53,25),(46,29))
84((32,25),(62,25),(18,50))
85((7,49),(3,46),(64,50),(66,37))
