0((1,48),(2,31),(24,38),(71,16),(4,15),(58,9))
1((0,48),(3,12),(29,34))
2((0,31),(8,38),(13,45),(22,44),(47,21),(42,11))
3((1,12),(4,6),(5,48),(7,1),(29,42),(55,31),(74,18),(61,8),(74,31))
4((3,6),(6,22),(0,15),(11,32))
5((3,48),(17,33),(31,22),(40,20))
6((4,22),(9,41),(11,44),(30,37),(75,11),(48,35),(51,26),(49,13))
7((3,1),(12,50),(16,18),(23,43),(26,47),(35,43),(67,9),(73,14),(73,22))
8((2,38),(10,34),(14,17),(15,34),(37,21),(51,5),(29,47))
9((6,41),(53,48),(66,47),(51,1),(67,7))
10((8,34),(27,2),(66,3))
11((6,44),(68,46),(4,32))
12((7,50),(28,23),(34,40))
13((2,45),(62,24),(44,26))
14((8,17),(18,16),(44,39),(64,10),(75,5))
15((8,34),(33,20),(23,47),(73,23))
16((7,18),(20,24),(50,13))
17((5,33),(19,2),(21,7),(27,11),(32,12),(63,28))
18((14,16))
19((17,2),(60,8))
20((16,24),(36,28),(58,43),(40,30),(29,39),(49,19),(52,11))
21((17,7),(65,13),(56,13))
22((2,44),(50,10))
23((7,43),(38,2),(48,43),(54,7),(15,47),(66,3),(75,44))
24((0,38),(25,11),(34,14),(25,7),(63,22))
25((24,11),(24,7),(57,25))
26((7,47),(57,10))
27((17,11),(69,12),(10,2),(36,11),(62,3))
28((12,23),(64,6))
29((3,42),(39,50),(49,33),(59,40),(1,34),(8,47),(37,44),(20,39),(68,2),(55,21))
30((6,37),(72,5),(42,34))
31((5,22),(42,23))
32((17,12),(39,25),(36,38))
33((15,20))
34((24,14),(70,37),(12,40))
35((7,43),(48,29))
36((20,28),(43,36),(27,11),(32,38))
37((8,21),(41,47),(52,32),(29,44))
38((23,2),(46,42),(74,33))
39((29,50),(32,25),(54,28))
40((5,20),(56,43),(47,35),(20,30))
41((37,47))
42((31,23),(48,20),(2,11),(30,34))
43((36,36),(45,36))
44((14,39),(13,26))
45((43,36),(74,1),(63,29))
46((38,42))
47((2,21),(40,35))
48((23,43),(61,9),(42,20),(6,35),(35,29))
49((29,33),(60,4),(65,11),(66,9),(20,19),(6,13))
50((22,10),(63,40),(16,13))
51((8,5),(9,1),(73,15),(6,26))
52((37,32),(71,20),(20,11))
53((9,48))
54((23,7),(75,19),(39,28))
55((3,31),(63,13),(29,21))
56((40,43),(74,45),(21,13))
57((26,10),(74,37),(25,25))
58((20,43),(0,9))
59((29,40))
60((49,4),(19,8))
61((48,9),(3,8))
62((13,24),(67,10),(27,3))
63((17,28),(55,13),(50,40),(24,22),(45,29))
64((28,6),(14,10))
65((21,13),(49,11),(72,9),(67,18))
66((9,47),(23,3),(49,9),(10,3),(69,47))
67((7,9),(62,10),(9,7),(65,18))
68((11,46),(73,40),(29,2))
69((27,12),(66,47))
70((34,37),(74,3))
71((0,16),(52,20))
72((30,5),(65,9))
73((7,14),(51,15),(68,40),(7,22),(15,23))
74((45,1),(56,45),(3,18),(3,31),(57,37),(38,33),(70,3))
75((6,11),(14,5),(54,19),(23,44))
