0((1,38),(29,39),(58,5),(43,31),(11,32),(61,2))
1((0,38),(2,30),(4,33),(7,48),(15,1),(20,11),(28,2),(78,44),(57,25),(70,25))
2((1,30),(3,11),(11,42),(16,32),(75,40),(10,37),(27,34),(51,25))
3((2,11),(5,16),(6,38),(10,47),(34,15),(27,19))
4((1,33),(9,32),(13,31),(14,44),(79,33))
5((3,16),(33,43),(65,19),(40,36))
6((3,38))
7((1,48),(8,5),(12,33),(37,45),(42,22),(50,5),(39,10))
8((7,5),(27,32),(54,7),(65,12),(58,5))
9((4,32))
10((3,47),(55,7),(2,37),(15,2),(11,37),(19,16))
11((2,42),(17,41),(25,32),(10,37),(0,32))
12((7,33),(23,39),(30,39),(39,37),(20,47))
13((4,31),(21,12),(24,50))
14((4,44),(37,43))
15((1,1),(10,2),(20,41))
16((2,32),(19,26),(45,48),(63,49),(31,13))
17((11,41),(18,44),(22,41),(18,14))
18((17,44),(32,44),(35,17),(38,26),(44,13),(25,9),(17,14))
19((16,26),(10,16),(47,33))
20((1,11),(74,9),(12,47),(15,41))
21((13,12),(25,3),(64,14),(71,11))
22((17,41),(26,31),(79,33),(65,31))
23((12,39),(50,44),(53,17),(57,23),(60,14))
24((13,50),(28,13))
25((21,3),(36,41),(40,7),(56,7),(76,3),(44,25),(11,32),(42,39),(18,9),(31,48))
26((22,31),(73,31),(47,45),(52,18),(74,9),(67,34))
27((8,32),(41,4),(52,34),(48,46),(2,34),(3,19))
28((1,2),(68,46),(38,8),(24,13))
29((0,39),(31,7),(33,20))
30((12,39),(61,37),(73,25),(71,40))
31((29,7),(16,13),(25,48))
32((18,44),(34,26),(38,14),(62,25))
33((5,43),(79,11),(29,20))
34((3,15),(32,26))
35((18,17),(43,25),(36,33))
36((25,41),(59,3),(35,33),(63,34))
37((7,45),(48,30),(49,17),(14,43),(39,2))
38((18,26),(46,11),(51,45),(28,8),(75,6),(32,14))
39((12,37),(7,10),(37,2))
40((25,7),(47,40),(66,30),(78,29),(5,36))
41((27,4))
42((7,22),(25,39),(49,15))
43((35,25),(69,23),(0,31))
44((18,13),(60,27),(78,20),(25,25))
45((16,48),(57,11))
46((38,11),(70,11))
47((40,40),(57,34),(26,45),(65,7),(19,33))
48((37,30),(27,46))
49((37,17),(77,7),(42,15))
50((23,44),(7,5))
51((38,45),(2,25),(77,38))
52((27,34),(70,6),(26,18),(71,12))
53((23,17),(62,7),(62,1))
54((8,7),(64,29),(66,3))
55((10,7))
56((25,7),(73,33))
57((23,23),(47,34),(45,11),(1,25))
58((0,5),(8,5))
59((36,3),(67,5),(70,7),(75,2))
60((44,27),(23,14),(62,46))
61((30,37),(0,2))
62((53,7),(73,37),(53,1),(60,46),(32,25))
63((16,49),(36,34))
64((54,29),(21,14))
65((5,19),(8,12),(47,7),(22,31))
66((54,3),(72,46),(40,30))
67((59,5),(68,17),(26,34))
68((28,46),(67,17))
69((43,23))
70((52,6),(71,25),(46,11),(59,7),(1,25))
71((70,25),(52,12),(21,11),(30,40))
72((66,46))
73((30,25),(26,31),(62,37),(56,33))
74((20,9),(26,9))
75((2,40),(38,6),(59,2))
76((25,3))
77((49,7),(51,38))
78((44,20),(1,44),(40,29))
79((33,11),(4,33),(22,33))
