0((1,9),(2,22),(6,29),(7,20),(11,15),(16,16),(17,20),(14,6))
1((0,9),(4,2),(38,4),(9,48))
2((0,22),(3,13),(5,27),(18,15),(19,11),(22,4))
3((2,13),(16,2),(24,7),(5,8))
4((1,2),(18,49),(23,49),(25,36))
5((2,27),(9,28),(28,32),(37,24),(16,43),(3,8))
6((0,29),(20,41))
7((0,20),(8,1),(29,36))
8((7,1),(10,28),(20,15),(25,28))
9((5,28),(12,38),(1,48),(15,44))
10((8,28),(29,49),(21,24),(26,4))
11((0,15),(13,32),(14,35),(34,15))
12((9,38),(26,13))
13((11,32),(17,8),(25,45),(35,25),(31,7))
14((11,35),(15,46),(37,26),(18,50),(26,38),(0,6))
15((14,46),(9,44),(27,18))
16((3,2),(20,27),(21,50),(0,16),(34,36),(5,43))
17((13,8),(0,20))
18((2,15),(23,5),(14,50),(4,49),(26,15))
19((2,11),(31,22),(33,38),(37,30))
20((16,27),(6,41),(25,1),(8,15))
21((16,50),(32,14),(10,24))
22((2,4),(30,12),(24,10))
23((18,5),(4,49))
24((3,7),(26,17),(27,24),(22,10))
25((13,45),(20,1),(8,28),(4,36))
26((24,17),(14,38),(12,13),(18,15),(10,4))
27((24,24),(36,12),(15,18))
28((5,32))
29((10,49),(7,36))
30((22,12))
31((19,22),(13,7))
32((21,14))
33((19,38))
34((11,15),(16,36),(36,16))
35((13,25))
36((27,12),(34,16))
37((5,24),(14,26),(19,30))
38((1,4),(39,29))
39((38,29))
