0((1,21),(4,31),(6,36),(10,2),(17,33),(46,9))
1((0,21),(2,45),(26,39),(49,29),(9,48),(56,17),(49,7))
2((1,45),(3,47),(7,24),(11,45),(19,21),(24,12),(39,31),(40,20),(20,27),(9,8),(73,39))
3((2,47),(5,5),(59,18),(51,4))
4((0,31),(14,19),(15,2),(26,14),(77,37),(32,39))
5((3,5),(35,9),(60,7),(39,33),(7,40),(31,26))
6((0,36),(18,49),(20,24),(28,27),(53,10),(70,33))
7((2,24),(8,44),(12,35),(22,21),(41,10),(5,40))
8((7,44),(9,1),(13,24),(72,8),(14,11),(48,18),(11,5))
9((8,1),(25,10),(37,18),(1,48),(20,28),(2,8),(16,17),(21,21))
10((0,2),(16,47),(61,50),(31,28))
11((2,45),(30,10),(8,5))
12((7,35),(69,8),(64,21),(44,17),(47,28))
13((8,24),(27,11),(47,46))
14((4,19),(23,18),(29,30),(18,5),(29,26),(8,11),(65,25))
15((4,2),(33,48),(64,38),(28,16))
16((10,47),(21,9),(31,5),(34,50),(56,12),(42,12),(9,17),(37,30),(35,34))
17((0,33),(54,8),(75,43),(37,45))
18((6,49),(14,5),(37,26))
19((2,21),(76,9),(45,31))
20((6,24),(61,20),(9,28),(22,12),(2,27))
21((16,9),(42,7),(52,17),(80,31),(77,44),(9,21))
22((7,21),(56,16),(20,12))
23((14,18),(32,9))
24((2,12))
25((9,10),(59,45),(36,35))
26((1,39),(4,14),(42,5))
27((13,11),(79,1),(42,20))
28((6,27),(36,16),(73,32),(78,48),(15,16),(55,5))
29((14,30),(14,26))
30((11,10))
31((16,5),(38,47),(46,29),(36,40),(5,26),(10,28),(43,5))
32((23,9),(4,39))
33((15,48),(34,9))
34((16,50),(51,39),(74,41),(45,3),(33,9))
35((5,9),(69,44),(16,34))
36((28,16),(50,27),(31,40),(25,35))
37((9,18),(48,47),(68,39),(77,7),(17,45),(18,26),(16,30))
38((31,47),(43,30))
39((2,31),(5,33))
40((2,20),(81,31),(72,40),(71,29))
41((7,10),(55,42))
42((21,7),(44,19),(66,20),(16,12),(26,5),(47,27),(27,20),(79,45))
43((38,30),(45,49),(80,16),(46,41),(66,46),(31,5))
44((42,19),(61,37),(48,40),(12,17))
45((43,49),(74,16),(61,27),(19,31),(34,3))
46((0,9),(57,23),(31,29),(43,41),(76,36))
47((13,46),(62,9),(67,2),(42,27),(12,28))
48((37,47),(63,8),(74,14),(44,40),(8,18))
49((1,29),(58,26),(1,7))
50((36,27))
51((34,39),(71,41),(3,4))
52((21,17),(64,48),(65,29))
53((6,10))
54((17,8))
55((41,42),(66,46),(28,5))
56((16,12),(22,16),(1,17))
57((46,23),(58,10))
58((57,10),(49,26))
59((25,45),(3,18))
60((5,7))
61((20,20),(44,37),(10,50),(79,8),(45,27),(69,26))
62((47,9))
63((48,8),(65,14))
64((52,48),(70,15),(12,21),(15,38))
65((52,29),(63,14),(14,25))
66((42,20),(55,46),(73,42),(43,46))
67((47,2))
68((37,39))
69((12,8),(35,44),(61,26))
70((64,15),(6,33))
71((51,41),(77,25),(40,29))
72((8,8),(40,40))
73((28,32),(66,42),(2,39))
74((45,16),(48,14),(34,41))
75((17,43))
76((19,9),(46,36))
77((37,7),(71,25),(4,37),(21,44))
78((28,48))
79((27,1),(61,8),(42,45))
80((43,16),(21,31))
81((40,31))
