0((1,31),(2,39),(3,13),(15,49))
1((0,31),(8,49))
2((0,39),(9,10),(20,29))
3((0,13),(4,43),(5,7),(11,28),(25,6))
4((3,43),(24,49),(28,19),(15,15))
5((3,7),(6,10),(7,45),(17,8),(29,16),(17,37))
6((5,10))
7((5,45),(16,9),(23,30),(25,49))
8((1,49),(22,47),(24,48))
9((2,10),(10,20),(19,33),(23,49),(27,34),(27,3))
10((9,20),(13,10),(25,48),(18,21))
11((3,28),(12,16),(14,29))
12((11,16),(16,13))
13((10,10),(18,2),(19,30),(14,43))
14((11,29),(13,43))
15((0,49),(24,13),(4,15))
16((7,9),(12,13))
17((5,8),(21,23),(5,37))
18((13,2),(26,13),(10,21),(28,1))
19((9,33),(13,30),(29,32))
20((2,29))
21((17,23),(28,7),(27,12))
22((8,47),(26,33))
23((9,49),(7,30))
24((8,48),(4,49),(29,15),(15,13))
25((10,48),(3,6),(7,49))
26((22,33),(18,13))
27((9,34),(9,3),(21,12))
28((21,7),(18,1),(4,19))
29((5,16),(24,15),(19,32))
