0((1,2),(3,12),(6,50),(7,31),(10,15),(37,24),(56,17),(84,15),(2,38))
1((0,2),(2,35),(19,30),(57,43),(42,26))
2((1,35),(4,22),(12,21),(5,19),(36,44),(84,37),(0,38))
3((0,12),(5,41),(18,13),(9,31),(86,23))
4((2,22),(11,47),(16,27),(57,33))
5((3,41),(14,37),(15,16),(25,37),(33,1),(54,41),(2,19),(24,22))
6((0,50),(60,4),(83,30),(57,23),(44,45))
7((0,31),(8,18),(27,40),(66,44),(66,19),(47,30),(74,3))
8((7,18),(9,31),(13,36),(21,3),(34,45),(83,29),(19,50),(54,12),(52,6))
9((8,31),(24,11),(36,34),(3,31))
10((0,15),(81,44))
11((4,47),(36,41),(39,18),(78,12))
12((2,21),(68,22),(55,27))
13((8,36),(79,6),(63,19),(41,37))
14((5,37),(17,25),(31,33),(40,44),(20,43),(31,50))
15((5,16),(43,18),(45,24))
16((4,27),(64,32),(77,32),(68,12),(28,2),(79,27))
17((14,25),(47,47),(35,30))
18((3,13),(23,27),(29,38),(79,45),(47,26))
19((1,30),(20,6),(26,22),(8,50))
20((19,6),(69,43),(14,43))
21((8,3),(22,39),(28,13),(43,10))
22((21,39),(67,10))
23((18,27),(32,30),(75,39),(50,50),(79,22))
24((9,11),(5,22),(32,48))
25((5,37),(48,45),(81,36),(50,48))
26((19,22),(30,26),(46,4))
27((7,40),(38,29),(55,38),(59,19),(31,3),(57,33))
28((21,13),(42,14),(16,2),(49,25),(78,2))
29((18,38),(80,10),(47,9),(43,47))
30((26,26),(69,41),(86,5))
31((14,33),(86,48),(27,3),(14,50))
32((23,30),(58,23),(24,48))
33((5,1),(35,24),(72,47))
34((8,45),(44,23))
35((33,24),(43,17),(53,44),(17,30),(63,30),(45,25),(72,22))
36((11,41),(59,14),(63,2),(70,26),(73,41),(9,34),(2,44))
37((0,24),(78,34))
38((27,29),(52,1),(43,28))
39((11,18),(41,15))
40((14,44),(56,33))
41((39,15),(67,8),(68,8),(13,37))
42((28,14),(50,14),(51,2),(62,21),(1,26))
43((15,18),(82,45),(35,17),(38,28),(29,47),(21,10))
44((34,23),(55,17),(6,45))
45((15,24),(70,46),(35,25))
46((26,4),(53,46),(83,40))
47((17,47),(81,15),(29,9),(18,26),(7,30))
48((25,45),(49,1),(56,8))
49((48,1),(28,25),(69,40))
50((42,14),(61,46),(23,50),(25,48),(80,17),(51,34))
51((42,2),(50,34))
52((38,1),(8,6))
53((46,46),(35,44),(73,47))
54((5,41),(8,12))
55((27,38),(76,23),(44,17),(63,22),(75,38),(12,27))
56((0,17),(71,14),(40,33),(48,8),(57,1))
57((1,43),(74,23),(6,23),(4,33),(67,14),(56,1),(27,33))
58((32,23),(86,44),(76,19),(73,12))
59((36,14),(27,19))
60((6,4),(65,10))
61((50,46),(64,26))
62((42,21),(86,31))
63((36,2),(35,30),(13,19),(55,22))
64((16,32),(61,26))
65((60,10),(85,27))
66((7,44),(7,19))
67((41,8),(22,10),(57,14),(76,15))
68((41,8),(16,12),(12,22))
69((20,43),(30,41),(49,40))
70((36,26),(45,46))
71((56,14))
72((33,47),(35,22))
73((36,41),(75,35),(58,12),(53,47),(75,21))
74((57,23),(7,3))
75((23,39),(73,35),(55,38),(73,21))
76((55,23),(58,19),(67,15))
77((16,32),(78,50))
78((37,34),(11,12),(77,50),(28,2))
79((18,45),(13,6),(23,22),(16,27))
80((29,10),(50,17))
81((25,36),(47,15),(10,44))
82((43,45))
83((6,30),(8,29),(46,40))
84((0,15),(2,37))
85((65,27))
86((31,48),(58,44),(30,5),(62,31),(3,23))
