0((1,18),(2,43),(3,11),(4,26),(5,17),(6,15),(27,13),(29,41),(81,28),(13,5))
1((0,18),(13,25),(94,10),(77,6))
2((0,43),(12,18),(14,35),(17,38),(75,28),(93,49))
3((0,11),(20,40),(37,3),(39,8),(53,34),(69,22),(73,40),(49,49),(84,29),(17,27))
4((0,26),(8,38),(15,8),(16,50),(30,20),(78,1),(93,9),(25,40))
5((0,17),(7,29),(45,49),(54,11),(71,14),(38,29),(55,42),(39,24))
6((0,15),(11,20))
7((5,29),(9,10),(44,40),(64,43),(70,43))
8((4,38),(10,10))
9((7,10),(19,27),(22,8),(12,13))
10((8,10),(25,35),(34,11),(63,32),(12,4))
11((6,20),(88,47),(26,17),(48,29),(55,50))
12((2,18),(18,20),(24,26),(72,28),(90,3),(66,19),(10,4),(64,40),(9,13))
13((1,25),(23,2),(20,16),(16,5),(0,5))
14((2,35),(32,49),(36,9),(47,49),(45,41))
15((4,8),(21,48),(26,40),(31,6),(51,27),(76,25),(83,11),(53,45),(47,49),(75,35))
16((4,50),(83,10),(88,5),(13,5))
17((2,38),(3,27))
18((12,20),(65,14),(53,16),(50,32),(38,38))
19((9,27))
20((3,40),(28,24),(38,24),(13,16),(77,43),(76,20))
21((15,48),(73,29),(85,36),(48,10),(61,21))
22((9,8),(33,4),(52,47),(67,10),(26,32))
23((13,2),(35,37),(46,36))
24((12,26))
25((10,35),(49,16),(4,40),(42,1))
26((15,40),(11,17),(22,32),(73,47))
27((0,13),(35,29),(43,36),(56,3),(35,5),(41,22))
28((20,24),(74,18),(53,45),(79,11))
29((0,41),(32,21),(30,45))
30((4,20),(60,8),(62,40),(68,30),(80,34),(92,20),(29,45))
31((15,6),(91,50))
32((14,49),(70,9),(84,32),(29,21),(79,46))
33((22,4),(41,34),(60,4))
34((10,11))
35((27,29),(40,22),(23,37),(55,12),(27,5))
36((14,9),(86,47),(54,24))
37((3,3),(42,42),(87,35))
38((20,24),(46,39),(5,29),(88,27),(18,38))
39((3,8),(89,8),(5,24))
40((35,22),(75,26),(91,26))
41((33,34),(50,21),(72,22),(27,22))
42((37,42),(59,2),(66,42),(25,1))
43((27,36))
44((7,40),(46,8),(70,15))
45((5,49),(48,46),(14,41))
46((38,39),(44,8),(88,39),(76,9),(23,36))
47((14,49),(91,12),(53,28),(15,49),(75,10))
48((45,46),(55,39),(58,21),(11,29),(55,36),(21,10))
49((25,16),(91,28),(3,49))
50((41,21),(18,32))
51((15,27))
52((22,47),(81,33),(86,26))
53((3,34),(15,45),(47,28),(18,16),(28,45))
54((5,11),(57,29),(88,21),(65,42),(36,24))
55((48,39),(35,12),(11,50),(5,42),(48,36))
56((27,3),(77,17))
57((54,29),(61,14),(79,47))
58((48,21),(87,35),(68,22))
59((42,2),(76,5))
60((30,8),(92,19),(33,4),(76,25))
61((57,14),(93,48),(75,4),(21,21))
62((30,40))
63((10,32))
64((7,43),(12,40))
65((18,14),(54,42),(94,1),(74,12))
66((42,42),(12,19))
67((22,10),(82,28))
68((30,30),(58,22),(87,6))
69((3,22),(76,38),(78,26))
70((32,9),(75,45),(7,43),(44,15))
71((5,14))
72((12,28),(41,22))
73((3,40),(21,29),(26,47))
74((28,18),(65,12))
75((70,45),(61,4),(40,26),(2,28),(47,10),(15,35))
76((15,25),(81,34),(85,26),(46,9),(69,38),(60,25),(20,20),(59,5))
77((56,17),(20,43),(1,6))
78((4,1),(69,26))
79((57,47),(32,46),(28,11))
80((30,34))
81((76,34),(87,47),(0,28),(52,33))
82((67,28))
83((15,11),(16,10))
84((32,32),(3,29))
85((76,26),(21,36))
86((36,47),(93,39),(52,26))
87((81,47),(58,35),(37,35),(68,6))
88((11,47),(54,21),(46,39),(38,27),(16,5))
89((39,8))
90((12,3))
91((31,50),(47,12),(49,28),(40,26))
92((60,19),(30,20))
93((61,48),(86,39),(4,9),(2,49))
94((1,10),(65,1))
