0((1,29),(4,9),(15,28),(16,24),(26,5),(27,43),(11,39),(49,48))
1((0,29),(2,17),(3,49),(8,37),(9,30),(20,28),(23,5),(47,36))
2((1,17),(6,48),(7,32),(22,45))
3((1,49),(11,10),(13,46))
4((0,9),(5,50),(24,38))
5((4,50),(10,30),(17,27),(29,12),(13,23),(26,49))
6((2,48),(47,47))
7((2,32),(12,11),(8,9))
8((1,37),(14,11),(7,9),(26,29))
9((1,30),(13,40),(36,47),(12,7))
10((5,30),(18,45),(46,4),(33,31))
11((3,10),(37,1),(0,39))
12((7,11),(33,6),(40,20),(9,7),(22,10),(42,5))
13((9,40),(25,47),(5,23),(3,46),(45,40))
14((8,11),(19,26),(40,37),(40,40))
15((0,28),(21,1),(42,46),(40,39),(28,26))
16((0,24),(42,38))
17((5,27),(47,37))
18((10,45),(46,31),(43,7))
19((14,26),(42,43),(28,24))
20((1,28),(31,29))
21((15,1),(38,14))
22((2,45),(35,39),(12,10))
23((1,5),(44,19),(28,14))
24((4,38),(38,30),(26,9))
25((13,47),(32,13))
26((0,5),(30,13),(24,9),(38,6),(32,43),(5,49),(8,29))
27((0,43),(28,16),(34,12))
28((27,16),(34,48),(23,14),(15,26),(19,24),(36,9))
29((5,12))
30((26,13))
31((20,29),(45,27),(32,27))
32((25,13),(46,15),(31,27),(26,43))
33((12,6),(34,35),(10,31))
34((33,35),(28,48),(27,12))
35((22,39),(40,13))
36((9,47),(39,47),(41,27),(28,9))
37((11,1),(44,12))
38((24,30),(21,14),(26,6))
39((36,47),(43,33),(45,44))
40((12,20),(14,37),(41,7),(14,40),(15,39),(35,13))
41((36,27),(40,7),(48,46))
42((16,38),(15,46),(12,5),(19,43))
43((39,33),(18,7))
44((23,19),(37,12))
45((31,27),(39,44),(13,40))
46((18,31),(10,4),(32,15))
47((1,36),(48,20),(6,47),(17,37))
48((47,20),(49,4),(41,46))
49((48,4),(0,48))
