0((1,29),(4,11),(9,43),(37,1),(60,29),(11,42))
1((0,29),(2,9),(7,20),(18,2))
2((1,9),(3,14),(6,24),(41,14),(54,48),(74,32))
3((2,14),(23,38),(62,28),(11,26),(19,8))
4((0,11),(5,43),(14,30),(20,16),(72,41),(56,28),(40,49),(11,39))
5((4,43),(8,14),(68,46),(83,35))
6((2,24),(11,14),(12,45),(13,39),(66,28),(82,47),(16,3))
7((1,20),(30,42),(53,44),(22,30))
8((5,14),(44,4),(75,15),(78,4))
9((0,43),(10,42),(58,31))
10((9,42),(21,18),(22,40),(43,43),(50,35))
11((6,14),(15,20),(17,32),(27,37),(42,38),(3,26),(4,39),(0,42),(54,50))
12((6,45),(55,13))
13((6,39),(19,21),(79,37),(63,13))
14((4,30),(16,18))
15((11,20),(28,30),(32,4))
16((14,18),(18,43),(57,29),(6,3),(22,27),(17,37),(39,19))
17((11,32),(34,13),(48,4),(16,37))
18((16,43),(25,46),(78,22),(1,2),(77,19))
19((13,21),(3,8),(62,16))
20((4,16),(26,12),(29,50),(63,44),(55,44))
21((10,18),(24,48))
22((10,40),(38,28),(50,23),(16,27),(7,30),(76,43))
23((3,38),(67,18),(62,49))
24((21,48),(52,11),(73,33),(34,26),(63,47))
25((18,46),(31,28),(39,12))
26((20,12),(67,10),(64,19),(81,29),(45,33))
27((11,37),(35,25))
28((15,30),(33,32),(40,47),(77,25),(61,41))
29((20,50),(35,16),(69,24),(70,7),(37,50),(40,28))
30((7,42))
31((25,28),(36,40),(56,20),(76,48))
32((15,4),(49,12),(73,7),(81,5))
33((28,32),(72,8))
34((17,13),(64,37),(24,26),(35,37))
35((29,16),(46,49),(81,31),(27,25),(34,37))
36((31,40),(55,37))
37((0,1),(29,50))
38((22,28))
39((25,12),(72,50),(55,26),(16,19))
40((28,47),(48,32),(60,47),(29,28),(4,49))
41((2,14),(47,8),(58,15),(49,25),(47,17),(43,44))
42((11,38),(60,30))
43((10,43),(73,37),(41,44))
44((8,4),(45,46),(59,7),(49,50))
45((44,46),(74,13),(67,36),(26,33),(52,3))
46((35,49),(65,22))
47((41,8),(41,17))
48((17,4),(61,22),(40,32),(50,39))
49((32,12),(80,29),(52,47),(41,25),(62,47),(44,50))
50((22,23),(51,27),(48,39),(10,35))
51((50,27),(53,23),(62,1),(69,47))
52((24,11),(49,47),(45,3))
53((51,23),(55,18),(58,17),(7,44))
54((2,48),(11,50))
55((53,18),(12,13),(39,26),(36,37),(20,44),(65,7))
56((31,20),(64,46),(77,9),(4,28))
57((16,29),(77,19))
58((41,15),(53,17),(9,31))
59((44,7))
60((0,29),(42,30),(40,47),(67,18),(79,41),(83,20))
61((48,22),(28,41),(70,20))
62((3,28),(65,12),(23,49),(51,1),(49,47),(19,16))
63((20,44),(13,13),(24,47))
64((56,46),(34,37),(26,19))
65((62,12),(71,5),(46,22),(55,7))
66((6,28),(73,50))
67((23,18),(81,13),(45,36),(26,10),(77,24),(60,18))
68((5,46))
69((29,24),(51,47))
70((29,7),(61,20))
71((65,5))
72((4,41),(39,50),(33,8))
73((24,33),(32,7),(66,50),(43,37))
74((45,13),(76,38),(2,32))
75((8,15))
76((31,48),(74,38),(79,6),(22,43))
77((28,25),(56,9),(57,19),(18,19),(67,24))
78((18,22),(8,4))
79((13,37),(76,6),(60,41))
80((49,29))
81((67,13),(26,29),(32,5),(35,31))
82((6,47))
83((5,35),(60,20))
