0((1,35),(2,18),(13,29))
1((0,35),(3,35),(5,16),(17,10),(20,44),(5,25),(3,38),(11,46))
2((0,18),(6,17),(8,10),(21,4),(12,11))
3((1,35),(4,21),(1,38),(17,27))
4((3,21),(10,18))
5((1,16),(1,25))
6((2,17),(7,49),(9,40),(14,3))
7((6,49),(16,45),(9,9))
8((2,10),(11,3))
9((6,40),(12,28),(7,9),(11,10))
10((4,18),(15,30),(13,7))
11((8,3),(18,3),(20,6),(9,10),(1,46))
12((9,28),(2,11))
13((0,29),(10,7),(16,40))
14((6,3),(18,24))
15((10,30),(22,19))
16((7,45),(13,40))
17((1,10),(3,27))
18((11,3),(19,15),(14,24))
19((18,15))
20((11,6),(1,44))
21((2,4))
22((15,19))
