0((1,7),(2,26),(20,9),(77,43),(78,27),(27,46))
1((0,7),(4,39),(8,31),(24,43),(48,9),(66,43),(2,16),(58,35),(23,15),(6,27))
2((0,26),(3,47),(9,12),(15,1),(1,16),(14,2),(16,11),(61,9),(85,42),(46,39))
3((2,47),(6,28),(51,28),(54,38),(55,14))
4((1,39),(5,31),(7,30),(10,15),(16,10),(34,30))
5((4,31),(18,14),(21,2),(84,16),(37,20))
6((3,28),(32,31),(38,21),(55,27),(1,27))
7((4,30),(13,34),(85,34),(39,49),(33,34))
8((1,31),(11,19),(41,7),(63,12))
9((2,12),(34,41),(60,19),(64,40),(61,33),(84,6))
10((4,15),(12,28),(14,41),(33,28),(45,44),(14,25))
11((8,19),(23,5),(29,23),(52,15),(80,43),(40,45))
12((10,28),(22,49),(26,33),(36,33),(26,44),(13,11))
13((7,34),(67,19),(76,23),(30,32),(62,28),(61,10),(12,11))
14((10,41),(2,2),(10,25),(79,16),(42,16))
15((2,1),(49,35),(31,34))
16((4,10),(17,47),(19,16),(2,11))
17((16,47),(37,48),(31,19))
18((5,14),(42,26),(52,43))
19((16,16),(70,16),(33,8),(83,27),(34,17))
20((0,9),(27,30),(35,32),(53,38),(73,24))
21((5,2),(31,27))
22((12,49),(30,9),(31,45))
23((11,5),(25,23),(1,15),(69,36),(87,13),(79,17))
24((1,43),(57,28),(79,47))
25((23,23),(33,45))
26((12,33),(28,24),(12,44))
27((20,30),(28,18),(0,46))
28((27,18),(50,37),(26,24))
29((11,23))
30((22,9),(47,8),(72,2),(13,32))
31((22,45),(40,40),(86,1),(17,19),(55,43),(15,34),(21,27))
32((6,31),(42,12),(65,10),(82,1))
33((10,28),(74,5),(19,8),(25,45),(7,34))
34((9,41),(4,30),(19,17))
35((20,32),(36,30),(39,27),(41,44),(63,24),(85,35))
36((35,30),(44,19),(12,33))
37((17,48),(71,15),(5,20))
38((6,21),(65,33),(69,12))
39((35,27),(43,33),(7,49),(87,22),(52,21))
40((31,40),(64,33),(81,14),(87,42),(81,36),(60,14),(11,45),(43,46))
41((35,44),(8,7),(84,24),(50,5))
42((18,26),(32,12),(14,16),(65,30))
43((39,33),(46,2),(54,28),(40,46))
44((36,19),(83,26),(64,29))
45((10,44),(74,8))
46((43,2),(75,6),(47,13),(2,39))
47((30,8),(64,12),(46,13))
48((1,9),(61,31),(81,14))
49((15,35),(76,37),(60,2))
50((28,37),(41,5))
51((3,28))
52((11,15),(56,25),(74,42),(18,43),(39,21))
53((20,38),(62,2))
54((43,28),(59,13),(3,38))
55((6,27),(58,47),(31,43),(3,14))
56((52,25),(68,9))
57((24,28),(78,18))
58((55,47),(1,35))
59((54,13))
60((9,19),(40,14),(49,2))
61((48,31),(9,33),(2,9),(13,10))
62((53,2),(64,12),(13,28))
63((35,24),(8,12))
64((40,33),(82,18),(9,40),(47,12),(62,12),(44,29))
65((38,33),(69,24),(32,10),(42,30))
66((1,43),(87,8))
67((13,19),(86,39))
68((56,9),(71,7),(71,33))
69((65,24),(85,3),(75,11),(38,12),(23,36),(79,22))
70((19,16),(88,9))
71((37,15),(68,7),(68,33))
72((30,2),(77,44))
73((20,24))
74((52,42),(33,5),(45,8))
75((46,6),(87,49),(69,11))
76((13,23),(49,37))
77((0,43),(72,44))
78((0,27),(57,18))
79((24,47),(14,16),(69,22),(23,17))
80((11,43))
81((40,14),(40,36),(48,14))
82((64,18),(32,1))
83((44,26),(19,27),(88,8))
84((5,16),(41,24),(9,6))
85((69,3),(7,34),(35,35),(2,42))
86((31,1),(67,39))
87((40,42),(75,49),(66,8),(23,13),(39,22))
88((70,9),(83,8))
