0((1,24),(2,14),(44,21),(28,11),(37,38),(26,47))
1((0,24),(46,37),(40,18),(14,29),(6,32))
2((0,14),(3,11),(4,3),(6,2),(14,16))
3((2,11),(7,4),(15,11))
4((2,3),(5,24),(8,33),(21,8),(47,2))
5((4,24),(10,37),(38,43),(48,1))
6((2,2),(9,5),(11,46),(19,9),(28,4),(1,32))
7((3,4),(24,32),(35,21),(45,26))
8((4,33),(18,50),(24,18),(36,36))
9((6,5),(21,42),(26,17))
10((5,37),(22,30),(31,14),(48,40))
11((6,46),(12,4),(34,6))
12((11,4),(13,21),(16,6),(38,43),(29,46),(43,8))
13((12,21),(27,30),(30,13),(43,17),(22,3))
14((2,16),(18,29),(1,29))
15((3,11),(17,30),(39,18),(25,8))
16((12,6),(36,13),(47,46),(35,19),(28,33),(19,21),(40,27),(19,3))
17((15,30),(20,33))
18((14,29),(23,25),(42,28),(8,50),(33,38))
19((6,9),(16,21),(29,25),(45,13),(16,3))
20((17,33),(50,40))
21((4,8),(51,4),(9,42),(34,44))
22((10,30),(13,3),(27,36))
23((18,25),(32,41),(40,6))
24((7,32),(25,3),(26,10),(8,18))
25((24,3),(49,37),(15,8))
26((24,10),(34,44),(9,17),(0,47))
27((13,30),(22,36),(44,44))
28((6,4),(29,45),(46,26),(16,33),(0,11))
29((28,45),(50,25),(12,46),(39,3),(19,25))
30((13,13))
31((10,14),(33,17))
32((23,41),(40,23))
33((31,17),(37,37),(18,38),(45,29),(44,5))
34((11,6),(26,44),(21,44))
35((7,21),(16,19),(37,40),(46,34))
36((16,13),(8,36))
37((33,37),(35,40),(0,38))
38((5,43),(45,5),(12,43))
39((15,18),(41,42),(29,3))
40((23,6),(1,18),(16,27),(32,23))
41((39,42))
42((18,28))
43((13,17),(12,8))
44((0,21),(27,44),(33,5))
45((7,26),(38,5),(19,13),(33,29))
46((1,37),(28,26),(35,34))
47((16,46),(4,2),(50,43))
48((5,1),(10,40))
49((25,37))
50((20,40),(29,25),(47,43))
51((21,4))
