0((1,38),(2,26),(4,41),(6,33))
1((0,38),(10,41),(22,27),(19,33))
2((0,26),(3,35),(6,44))
3((2,35),(5,45),(7,33),(18,33),(24,14),(30,11),(24,1),(16,15))
4((0,41),(17,38),(22,48),(33,31),(34,22))
5((3,45),(9,14),(20,21),(28,12),(15,15))
6((2,44),(8,4),(19,10),(34,40),(0,33),(11,40),(19,1))
7((3,33),(12,7),(15,17),(12,42),(26,35),(8,46))
8((6,4),(33,34),(32,41),(18,26),(7,46))
9((5,14),(11,23),(13,49),(29,14))
10((1,41),(14,14),(31,43),(25,37))
11((9,23),(16,1),(26,19),(6,40))
12((7,7),(7,42))
13((9,49),(25,25),(29,21))
14((10,14),(31,24))
15((7,17),(21,4),(5,15))
16((11,1),(3,15),(24,29),(34,40))
17((4,38),(32,17),(27,45))
18((3,33),(8,26),(26,21))
19((6,10),(6,1),(1,33))
20((5,21),(23,50))
21((15,4))
22((4,48),(1,27))
23((20,50),(24,18),(30,29))
24((3,14),(3,1),(16,29),(23,18))
25((13,25),(27,33),(10,37))
26((11,19),(7,35),(18,21))
27((25,33),(17,45))
28((5,12))
29((9,14),(13,21))
30((3,11),(23,29))
31((10,43),(14,24))
32((17,17),(35,3),(8,41))
33((8,34),(4,31))
34((6,40),(4,22),(16,40))
35((32,3))
