0((1,44),(5,40),(6,22),(7,19),(13,41))
1((0,44),(2,12),(3,3),(9,47))
2((1,12),(14,7),(16,29),(19,35),(22,30),(27,42))
3((1,3),(4,24),(8,33),(28,25))
4((3,24),(10,39),(7,2))
5((0,40))
6((0,22),(11,29))
7((0,19),(13,13),(33,11),(4,2))
8((3,33),(12,6),(23,5))
9((1,47),(10,28))
10((4,39),(20,10),(34,41),(26,16),(30,7),(9,28),(20,17))
11((6,29),(21,42),(26,3),(27,4))
12((8,6),(17,21),(27,50),(29,28),(25,1),(34,18))
13((0,41),(7,13),(19,36))
14((2,7),(15,38),(32,34),(33,9),(29,21))
15((14,38),(18,40))
16((2,29),(25,24),(31,39))
17((12,21),(18,44),(23,19))
18((17,44),(15,40))
19((2,35),(29,7),(13,36),(29,42))
20((10,10),(30,38),(10,17))
21((11,42),(24,41))
22((2,30),(28,28),(34,31),(33,20))
23((17,19),(8,5))
24((21,41))
25((16,24),(12,1))
26((11,3),(10,16))
27((12,50),(11,4),(2,42),(31,44))
28((3,25),(22,28),(29,24))
29((19,7),(12,28),(19,42),(14,21),(28,24))
30((20,38),(31,35),(10,7))
31((16,39),(30,35),(27,44))
32((14,34))
33((14,9),(22,20),(7,11))
34((10,41),(22,31),(12,18))
