0((1,17),(2,39),(12,11),(15,13),(26,16),(80,18))
1((0,17),(3,50),(5,20),(6,10),(7,17))
2((0,39),(19,1),(5,26),(68,6))
3((1,50),(4,36),(77,25),(71,36),(43,49),(41,36),(30,4))
4((3,36),(16,1),(29,29),(61,20),(27,50),(41,42),(25,34))
5((1,20),(8,22),(10,20),(25,50),(31,22),(36,37),(2,26),(10,43))
6((1,10),(13,36),(23,14),(30,18),(14,43),(14,48),(92,2),(76,20))
7((1,17),(9,3),(17,15),(80,26),(86,2),(81,14),(41,14))
8((5,22),(27,12),(37,43),(42,29),(44,5),(25,28),(90,43))
9((7,3),(11,31),(39,19))
10((5,20),(91,45),(12,3),(82,27),(18,18),(32,8),(5,43),(84,36))
11((9,31),(14,26))
12((0,11),(22,25),(65,46),(10,3))
13((6,36),(18,43),(52,47),(69,49),(86,42))
14((11,26),(21,1),(48,29),(30,5),(6,43),(6,48),(39,19))
15((0,13),(33,11),(35,6),(46,18))
16((4,1),(20,19),(40,37),(68,1),(57,30))
17((7,15),(38,36),(45,9),(58,43),(59,41),(80,14),(69,42))
18((13,43),(92,9),(10,18),(35,28))
19((2,1),(43,32),(22,49))
20((16,19),(28,17),(76,27))
21((14,1),(44,10),(50,30),(67,42),(66,24))
22((12,25),(24,9),(54,46),(19,49),(62,2))
23((6,14),(34,45),(51,34),(67,30),(27,38))
24((22,9),(32,9),(81,4),(40,29))
25((5,50),(8,28),(4,34))
26((0,16),(87,28),(38,50),(71,30),(65,27))
27((8,12),(40,28),(57,46),(23,38),(4,50))
28((20,17),(60,41))
29((4,29),(72,12),(39,14))
30((6,18),(55,17),(59,45),(75,8),(14,5),(3,4))
31((5,22),(62,30),(88,31),(63,9),(82,15),(60,14))
32((24,9),(49,39),(67,38),(10,8))
33((15,11),(77,3))
34((23,45),(58,43),(64,31),(35,1))
35((15,6),(41,42),(61,15),(34,1),(18,28))
36((5,37))
37((8,43),(56,43))
38((17,36),(26,50),(69,3))
39((9,19),(29,14),(14,19))
40((27,28),(79,46),(65,18),(64,32),(24,29),(16,37))
41((35,42),(66,46),(73,29),(4,42),(3,36),(7,14))
42((8,29),(54,47))
43((19,32),(3,49),(47,36),(88,12))
44((21,10),(47,43),(63,11),(8,5))
45((17,9),(53,26),(90,32),(91,32))
46((15,18),(71,33))
47((44,43),(43,36),(74,25))
48((14,29),(71,13))
49((32,39),(78,12),(73,26))
50((21,30),(73,46))
51((23,34))
52((13,47))
53((45,26),(89,6),(76,13),(79,6))
54((22,46),(42,47))
55((30,17),(85,18))
56((37,43),(87,43),(63,16),(70,9))
57((27,46),(67,14),(69,28),(16,30),(62,50))
58((34,43),(70,32),(17,43),(72,36))
59((30,45),(17,41))
60((28,41),(31,14))
61((4,20),(85,43),(35,15))
62((31,30),(68,49),(90,21),(57,50),(22,2))
63((44,11),(84,27),(86,25),(92,25),(31,9),(56,16))
64((34,31),(82,19),(40,32),(77,46))
65((12,46),(40,18),(26,27))
66((41,46),(21,24))
67((57,14),(74,26),(32,38),(21,42),(90,35),(23,30))
68((62,49),(2,6),(16,1))
69((13,49),(83,3),(38,3),(57,28),(17,42))
70((58,32),(56,9))
71((48,13),(3,36),(46,33),(75,35),(26,30))
72((29,12),(58,36))
73((50,46),(41,29),(49,26),(90,37))
74((67,26),(47,25))
75((30,8),(71,35))
76((20,27),(53,13),(6,20))
77((3,25),(33,3),(64,46))
78((49,12))
79((40,46),(53,6))
80((0,18),(7,26),(17,14))
81((24,4),(7,14))
82((64,19),(31,15),(10,27))
83((69,3),(89,4))
84((63,27),(10,36))
85((61,43),(55,18))
86((63,25),(7,2),(13,42))
87((26,28),(56,43))
88((31,31),(43,12))
89((53,6),(83,4))
90((45,32),(67,35),(62,21),(73,37),(8,43))
91((10,45),(45,32),(92,21))
92((63,25),(18,9),(6,2),(91,21))
