0((1,24),(19,13))
1((0,24),(2,13),(5,6),(6,23),(7,6),(9,34),(10,12),(11,34),(25,37),(20,49))
2((1,13),(3,7),(12,47),(34,37))
3((2,7),(4,23),(34,45))
4((3,23),(13,42),(5,7))
5((1,6),(15,44),(27,27),(19,27),(4,7),(36,13))
6((1,23),(36,17),(10,31),(11,22))
7((1,6),(8,4),(30,12))
8((7,4),(26,23),(31,43),(27,24))
9((1,34),(24,17),(23,2),(12,14))
10((1,12),(17,47),(20,11),(6,31))
11((1,34),(16,47),(15,16),(31,3),(6,22),(18,34))
12((2,47),(9,14),(16,45))
13((4,42),(14,2),(28,1),(31,17))
14((13,2),(18,24),(22,45))
15((5,44),(23,30),(11,16),(33,31))
16((11,47),(21,46),(28,17),(37,43),(12,45))
17((10,47))
18((14,24),(28,35),(33,23),(11,34))
19((0,13),(5,27))
20((10,11),(1,49),(23,37))
21((16,46),(24,26),(35,38),(34,5))
22((14,45),(24,17))
23((15,30),(20,37),(9,2),(30,43))
24((21,26),(9,17),(22,17))
25((1,37),(29,22))
26((8,23))
27((5,27),(8,24))
28((18,35),(16,17),(13,1),(30,45))
29((25,22),(32,22),(33,37))
30((7,12),(28,45),(23,43))
31((8,43),(11,3),(32,6),(13,17))
32((29,22),(31,6))
33((29,37),(18,23),(15,31))
34((2,37),(3,45),(21,5))
35((21,38))
36((6,17),(5,13))
37((16,43))
