0((1,50),(2,14),(3,1),(5,10),(9,45),(10,43),(13,9),(17,2),(20,4),(81,38))
1((0,50),(4,22),(7,27),(27,20),(6,5),(18,28),(43,7),(26,42))
2((0,14),(50,48))
3((0,1),(6,30),(8,41),(16,7),(64,20),(73,38),(63,34))
4((1,22),(23,23),(78,17),(46,47),(59,11))
5((0,10),(19,47),(42,38))
6((3,30),(50,44),(54,5),(73,5),(1,5))
7((1,27),(11,49),(14,25),(18,3),(91,48),(33,2))
8((3,41),(31,18),(32,9),(45,37))
9((0,45),(43,30),(71,30),(56,38))
10((0,43),(12,25),(35,29),(57,47),(65,18),(81,24),(49,39))
11((7,49),(46,25),(56,42),(59,3),(91,11),(39,19),(71,12))
12((10,25),(25,35),(47,49),(72,37),(75,21))
13((0,9),(15,24),(53,2),(32,25))
14((7,25),(20,36),(33,48),(94,32),(74,3),(86,34))
15((13,24),(71,11))
16((3,7),(21,48),(28,41),(41,10),(55,43),(23,5))
17((0,2))
18((7,3),(37,50),(86,25),(1,28))
19((5,47),(24,18),(50,13))
20((14,36),(22,24),(29,15),(23,34),(0,4))
21((16,48),(81,19))
22((20,24),(63,13),(81,15),(53,41),(69,18))
23((4,23),(20,34),(16,5),(90,10))
24((19,18),(26,32),(30,34),(39,34),(52,5),(84,45),(41,24))
25((12,35),(80,11),(34,21),(73,24))
26((24,32),(51,46),(86,43),(35,4),(1,42))
27((1,20),(34,9))
28((16,41),(71,46),(95,12))
29((20,15),(93,33),(54,22),(57,3),(53,32))
30((24,34))
31((8,18),(36,7),(40,28),(66,3),(59,18))
32((8,9),(13,25),(78,22),(49,4))
33((14,48),(62,32),(7,2),(47,33))
34((27,9),(25,21))
35((10,29),(38,6),(42,48),(44,44),(48,8),(26,4),(69,22))
36((31,7),(82,42),(75,45))
37((18,50),(69,6))
38((35,6))
39((24,34),(82,1),(11,19),(67,21),(61,5),(45,20))
40((31,28),(63,46))
41((16,10),(75,8),(88,5),(24,24))
42((35,48),(52,35),(69,44),(72,47),(5,38),(86,33))
43((9,30),(1,7))
44((35,44),(50,26),(45,17))
45((8,37),(70,21),(44,17),(93,28),(39,20))
46((11,25),(49,45),(4,47))
47((12,49),(85,46),(52,25),(69,21),(33,33))
48((35,8),(60,27))
49((46,45),(76,20),(10,39),(32,4))
50((6,44),(19,13),(44,26),(87,45),(92,43),(2,48))
51((26,46),(54,32))
52((24,5),(58,37),(42,35),(47,25))
53((13,2),(68,25),(77,50),(70,16),(22,41),(29,32))
54((6,5),(69,41),(74,44),(29,22),(75,13),(51,32))
55((16,43),(77,7))
56((11,42),(9,38))
57((10,47),(59,31),(61,20),(94,6),(70,12),(29,3),(89,11),(84,20))
58((52,37))
59((57,31),(11,3),(4,11),(31,18),(89,46))
60((48,27))
61((57,20),(39,5))
62((33,32),(79,26),(66,15))
63((22,13),(67,42),(40,46),(3,34))
64((3,20))
65((10,18),(79,30))
66((31,3),(85,50),(94,2),(62,15))
67((63,42),(39,21))
68((53,25))
69((54,41),(42,44),(35,22),(37,6),(47,21),(22,18))
70((45,21),(53,16),(57,12),(92,34))
71((28,46),(90,8),(9,30),(15,11),(11,12))
72((12,37),(42,47))
73((6,5),(87,28),(3,38),(25,24),(79,24))
74((54,44),(93,17),(14,3))
75((41,8),(12,21),(36,45),(80,19),(54,13),(86,25))
76((49,20))
77((53,50),(82,46),(55,7))
78((4,17),(32,22))
79((62,26),(83,1),(65,30),(73,24))
80((25,11),(75,19))
81((22,15),(21,19),(10,24),(0,38))
82((36,42),(89,33),(39,1),(77,46))
83((79,1))
84((24,45),(57,20))
85((66,50),(47,46))
86((26,43),(92,44),(18,25),(14,34),(75,25),(42,33))
87((73,28),(50,45))
88((41,5))
89((82,33),(57,11),(59,46))
90((71,8),(23,10))
91((7,48),(11,11),(94,8))
92((86,44),(50,43),(70,34))
93((74,17),(29,33),(45,28))
94((66,2),(14,32),(91,8),(57,6))
95((28,12))
