0((1,9),(4,1),(8,40),(35,32),(42,15))
1((0,9),(2,26),(95,7),(50,18),(12,15),(80,20))
2((1,26),(3,37),(5,45),(40,25),(49,19),(67,10),(17,35),(36,3),(20,21))
3((2,37),(6,24),(7,39),(12,47),(36,24),(51,50),(72,26),(74,7))
4((0,1),(16,43),(25,35),(33,38),(58,14),(15,47),(89,49),(96,42))
5((2,45),(10,36),(15,21),(19,40),(11,20))
6((3,24),(14,12),(34,6),(32,24),(63,34))
7((3,39),(30,3),(56,25),(59,6))
8((0,40),(9,1),(11,1),(92,33),(95,8),(19,48))
9((8,1),(82,26),(87,43),(59,26),(65,13),(42,33))
10((5,36),(31,45),(80,18))
11((8,1),(13,11),(18,29),(38,35),(104,29),(5,20))
12((3,47),(24,36),(27,43),(53,31),(57,31),(1,15),(42,10))
13((11,11),(83,47),(90,29))
14((6,12),(20,13),(32,11),(93,22),(53,32),(48,23),(49,42),(102,45))
15((5,21),(17,23),(21,36),(22,37),(4,47),(70,18))
16((4,43),(90,12),(37,39),(53,13))
17((15,23),(37,6),(43,46),(61,47),(2,35),(79,23))
18((11,29),(22,15))
19((5,40),(26,24),(103,13),(8,48))
20((14,13),(64,25),(2,21))
21((15,36),(61,30),(95,19))
22((15,37),(23,19),(102,40),(18,15))
23((22,19),(42,33),(91,4),(100,29))
24((12,36),(47,17))
25((4,35),(46,20),(52,10),(73,12),(50,48))
26((19,24),(65,13),(90,11))
27((12,43),(28,50),(29,16))
28((27,50),(55,15))
29((27,16))
30((7,3))
31((10,45),(79,28),(95,4),(68,22),(38,9),(63,25))
32((14,11),(74,40),(6,24))
33((4,38),(45,34))
34((6,6),(44,3),(55,27),(60,14))
35((0,32),(39,42),(48,48),(87,42))
36((3,24),(2,3))
37((17,6),(100,36),(55,18),(64,48),(16,39))
38((11,35),(31,9))
39((35,42),(87,24))
40((2,25),(41,32),(85,34),(91,24),(98,43),(93,20),(94,47))
41((40,32),(76,3),(94,2),(54,42))
42((0,15),(95,6),(23,33),(9,33),(12,10))
43((17,46),(78,48))
44((34,3),(102,4))
45((33,34),(67,21),(68,24),(82,11))
46((25,20),(65,23),(95,26),(56,42))
47((24,17),(50,23),(72,18),(51,3),(88,29))
48((35,48),(62,12),(78,10),(96,13),(77,3),(14,23),(98,43),(85,21))
49((2,19),(88,48),(93,20),(14,42))
50((47,23),(25,48),(1,18),(94,16))
51((3,50),(47,3),(83,23),(97,38))
52((25,10),(86,40),(99,8),(82,14))
53((12,31),(54,50),(66,29),(77,13),(14,32),(16,13))
54((53,50),(70,32),(41,42))
55((34,27),(28,15),(97,2),(37,18))
56((7,25),(104,44),(46,42))
57((12,31),(63,40),(61,22))
58((4,14),(97,44))
59((7,6),(71,5),(9,26))
60((34,14),(79,24))
61((21,30),(17,47),(57,22))
62((48,12),(72,27),(84,44))
63((57,40),(6,34),(31,25))
64((20,25),(75,30),(67,28),(37,48))
65((46,23),(81,38),(9,13),(26,13),(78,10))
66((53,29),(89,14))
67((45,21),(2,10),(64,28))
68((45,24),(69,9),(80,20),(31,22),(78,6))
69((68,9),(88,16))
70((54,32),(71,35),(15,18))
71((59,5),(70,35))
72((3,26),(47,18),(93,24),(62,27))
73((25,12),(84,50),(79,50),(82,13))
74((32,40),(94,30),(3,7))
75((64,30),(94,39))
76((41,3),(94,8))
77((53,13),(48,3))
78((48,10),(88,16),(87,49),(65,10),(43,48),(68,6),(99,41))
79((31,28),(17,23),(73,50),(60,24))
80((68,20),(83,49),(10,18),(1,20))
81((65,38))
82((9,26),(52,14),(45,11),(93,26),(73,13))
83((13,47),(80,49),(51,23))
84((73,50),(86,48),(62,44))
85((40,34),(48,21))
86((52,40),(89,28),(84,48))
87((9,43),(90,29),(78,49),(35,42),(39,24))
88((49,48),(101,26),(78,16),(69,16),(47,29))
89((86,28),(4,49),(66,14))
90((87,29),(13,29),(16,12),(26,11))
91((40,24),(23,4))
92((8,33))
93((14,22),(40,20),(82,26),(49,20),(72,24))
94((74,30),(75,39),(41,2),(50,16),(76,8),(40,47))
95((31,4),(1,7),(8,8),(42,6),(21,19),(46,26))
96((48,13),(4,42))
97((58,44),(55,2),(51,38))
98((40,43),(48,43))
99((52,8),(78,41))
100((37,36),(23,29))
101((88,26))
102((22,40),(44,4),(14,45))
103((19,13))
104((56,44),(11,29))
