0((1,45))
1((0,45),(2,44),(4,25),(10,25),(16,17),(24,43),(60,11),(31,24),(27,41))
2((1,44),(3,39),(5,48),(7,20),(35,7),(47,26),(52,7),(68,10))
3((2,39),(9,21),(13,9),(10,35),(46,12),(26,22),(73,46))
4((1,25),(6,42),(23,43),(25,7),(39,33),(54,40),(59,27),(42,18),(66,18))
5((2,48),(33,8))
6((4,42),(8,37),(11,23),(14,43),(22,42),(26,31),(32,27),(38,36),(68,23))
7((2,20),(20,50))
8((6,37),(36,10))
9((3,21),(19,48),(42,19))
10((1,25),(12,22),(21,29),(3,35))
11((6,23),(78,43),(59,31),(67,15),(31,47))
12((10,22),(22,46),(55,45),(66,25))
13((3,9),(15,48),(27,7),(29,25))
14((6,43),(31,3),(58,21),(26,2),(49,12))
15((13,48),(18,34),(33,3),(63,3),(49,47),(67,26),(35,41))
16((1,17),(17,48),(53,39),(70,18),(68,27),(34,9),(39,15))
17((16,48),(30,15),(63,17),(22,10),(71,21))
18((15,34),(34,33),(73,11))
19((9,48))
20((7,50),(49,31),(68,17),(23,16))
21((10,29),(37,18),(41,49),(51,20))
22((6,42),(28,10),(12,46),(17,10))
23((4,43),(48,11),(20,16))
24((1,43),(58,7),(37,47),(36,15),(25,23))
25((4,7),(60,17),(69,35),(30,19),(33,33),(49,22),(24,23))
26((6,31),(58,16),(14,2),(3,22))
27((13,7),(42,37),(61,28),(74,32),(1,41))
28((22,10),(71,16),(38,42))
29((13,25),(45,31),(46,48),(48,8),(35,25))
30((17,15),(44,20),(57,18),(25,19))
31((14,3),(65,47),(58,47),(1,24),(11,47))
32((6,27),(43,39),(72,49),(56,1))
33((15,3),(25,33),(5,8))
34((18,33),(40,23),(16,9))
35((2,7),(64,7),(58,17),(29,25),(15,41),(55,10))
36((8,10),(55,33),(24,15))
37((21,18),(77,15),(24,47))
38((6,36),(28,42))
39((4,33),(50,48),(16,15))
40((34,23))
41((21,49),(68,36))
42((27,37),(70,2),(70,28),(9,19),(63,12),(4,18))
43((32,39))
44((30,20),(67,3),(75,39),(61,22))
45((29,31),(52,15))
46((29,48),(3,12))
47((2,26),(65,13),(66,24),(77,17))
48((29,8),(23,11),(50,34))
49((20,31),(15,47),(25,22),(14,12))
50((39,48),(48,34),(61,28),(68,5))
51((21,20),(74,19),(60,11))
52((2,7),(56,22),(45,15))
53((16,39),(71,14))
54((4,40),(64,42),(76,14),(79,27),(70,19),(59,38))
55((36,33),(62,22),(12,45),(35,10))
56((52,22),(32,1))
57((30,18),(79,45))
58((26,16),(35,17),(24,7),(14,21),(31,47))
59((4,27),(11,31),(54,38))
60((25,17),(1,11),(51,11),(65,14),(74,48))
61((27,28),(50,28),(62,21),(44,22))
62((55,22),(61,21))
63((17,17),(15,3),(42,12))
64((54,42),(35,7))
65((47,13),(31,47),(60,14))
66((47,24),(67,13),(12,25),(4,18))
67((44,3),(66,13),(15,26),(11,15))
68((41,36),(16,27),(20,17),(50,5),(6,23),(2,10))
69((25,35))
70((16,18),(73,40),(54,19),(42,2),(72,32),(42,28))
71((28,16),(17,21),(53,14))
72((32,49),(70,32))
73((70,40),(18,11),(3,46))
74((51,19),(27,32),(60,48))
75((44,39))
76((54,14))
77((37,15),(47,17))
78((11,43))
79((54,27),(57,45))
