0((1,6),(2,45),(3,41),(24,3),(37,2))
1((0,6),(11,35),(67,6),(14,44),(15,48))
2((0,45),(4,24),(5,13),(13,46),(48,29),(52,15),(11,45),(41,24),(31,50))
3((0,41),(21,41),(22,1),(41,39),(56,22),(64,49),(44,17),(21,42),(13,18))
4((2,24),(32,34),(51,18))
5((2,13),(6,39),(8,49),(15,41),(38,7),(16,16),(27,42))
6((5,39),(7,26),(16,27),(18,47))
7((6,26),(9,14),(10,48),(17,25),(28,5),(20,15))
8((5,49),(19,37),(20,12),(34,46),(49,49),(16,12),(25,44))
9((7,14))
10((7,48),(30,20),(37,48),(31,4),(68,3),(34,25))
11((1,35),(12,26),(31,11),(65,17),(2,45),(29,43))
12((11,26),(14,30),(45,44))
13((2,46),(16,34),(35,8),(3,18),(46,19))
14((12,30),(23,3),(28,22),(1,44),(45,47))
15((5,41),(42,15),(70,12),(57,25),(63,17),(1,48))
16((6,27),(58,50),(13,34),(5,16),(8,12))
17((7,25),(33,29),(44,34),(49,36),(65,35))
18((6,47),(27,9),(55,9))
19((8,37),(34,19),(47,7),(27,47),(45,16))
20((8,12),(7,15),(28,41))
21((3,41),(3,42),(71,40),(34,2))
22((3,1),(40,46),(52,7))
23((14,3),(29,29),(35,21),(39,38),(52,37))
24((0,3),(25,3),(59,11),(60,5))
25((24,3),(26,33),(46,11),(40,38),(8,44))
26((25,33),(37,28),(43,38),(31,7))
27((18,9),(19,47),(5,42))
28((14,22),(45,40),(7,5),(20,41))
29((23,29),(36,40),(67,31),(11,43))
30((10,20),(54,43),(67,18),(65,17),(66,43))
31((11,11),(61,8),(26,7),(10,4),(2,50))
32((4,34),(63,21))
33((17,29),(70,33),(47,8))
34((8,46),(47,44),(60,19),(19,19),(10,25),(21,2))
35((23,21),(50,4),(71,18),(13,8),(67,13))
36((29,40))
37((26,28),(10,48),(0,2))
38((5,7))
39((23,38),(72,48))
40((22,46),(25,38))
41((3,39),(60,5),(2,24),(59,15))
42((15,15),(62,48))
43((26,38),(49,7))
44((17,34),(3,17))
45((28,40),(68,15),(12,44),(14,47),(19,16))
46((25,11),(56,47),(13,19))
47((34,44),(19,7),(57,49),(33,8),(68,50))
48((2,29),(49,32),(62,44),(56,2),(65,34))
49((48,32),(17,36),(8,49),(43,7))
50((35,4),(72,47))
51((4,18),(69,1))
52((23,37),(53,30),(55,10),(22,7),(2,15))
53((52,30))
54((30,43))
55((52,10),(57,24),(18,9),(64,16))
56((3,22),(48,2),(46,47))
57((55,24),(47,49),(15,25))
58((16,50),(66,8))
59((24,11),(41,15))
60((34,19),(24,5),(41,5))
61((31,8))
62((48,44),(42,48))
63((32,21),(15,17))
64((3,49),(55,16))
65((11,17),(30,17),(48,34),(17,35))
66((58,8),(30,43))
67((1,6),(29,31),(30,18),(35,13))
68((45,15),(10,3),(47,50))
69((51,1))
70((15,12),(33,33))
71((35,18),(21,40))
72((50,47),(39,48))
