0((1,49),(3,25),(11,28),(16,9),(50,2))
1((0,49),(2,44),(9,9),(18,23),(62,46),(30,41))
2((1,44),(6,15),(13,20),(17,31),(36,25),(63,1),(26,13),(5,40))
3((0,25),(4,5),(40,11),(88,30),(97,45),(37,15),(90,49))
4((3,5),(5,7),(7,48),(12,33),(28,45),(45,18),(26,26))
5((4,7),(8,23),(82,36),(2,40))
6((2,15),(10,39),(51,39),(71,24),(98,22),(88,33))
7((4,48))
8((5,23),(21,12),(74,43),(81,6),(58,50))
9((1,9),(38,18),(59,2),(84,5),(89,48))
10((6,39),(15,27),(19,50),(23,19),(24,2),(22,10),(92,3))
11((0,28),(14,25),(30,37),(68,28),(74,45),(31,15))
12((4,33),(36,7),(40,36),(93,42))
13((2,20),(43,31),(76,38),(80,49),(54,41))
14((11,25),(66,33),(44,1),(51,29))
15((10,27),(16,5),(49,10),(70,50),(67,35))
16((15,5),(29,47),(48,16),(67,29),(58,16),(30,50),(72,15),(0,9))
17((2,31),(20,37),(33,21),(36,39))
18((1,23),(22,43),(92,39),(80,34),(95,45))
19((10,50),(25,10),(82,26),(94,15))
20((17,37),(37,50),(86,27),(52,13))
21((8,12),(69,44),(88,4),(71,12))
22((18,43),(26,46),(41,18),(72,21),(95,42),(64,34),(10,10),(27,11),(60,7))
23((10,19),(44,19),(93,43),(49,29))
24((10,2),(35,6),(39,27),(49,27),(45,36))
25((19,10))
26((22,46),(27,15),(2,13),(4,26))
27((26,15),(32,26),(53,47),(22,11),(33,41),(99,44))
28((4,45),(60,28),(65,32),(80,16),(46,24),(54,7))
29((16,47),(31,21),(34,38),(50,46),(56,9),(70,15))
30((11,37),(45,9),(46,29),(57,8),(58,28),(68,26),(16,50),(1,41))
31((29,21),(11,15))
32((27,26),(85,12))
33((17,21),(90,35),(91,43),(27,41))
34((29,38),(42,27),(52,44),(62,30),(89,50),(70,25),(59,50),(89,26),(75,27),(99,8))
35((24,6),(47,7),(55,49),(81,31),(78,11),(77,31))
36((2,25),(12,7),(98,12),(17,39))
37((20,50),(98,19),(3,15),(51,19))
38((9,18),(99,39),(98,27))
39((24,27))
40((3,11),(80,28),(75,23),(12,36),(87,9),(98,30),(63,14),(79,13))
41((22,18))
42((34,27),(64,43))
43((13,31))
44((23,19),(75,34),(66,2),(14,1))
45((30,9),(83,5),(4,18),(24,36),(76,33))
46((30,29),(54,31),(28,24))
47((35,7),(94,23),(72,10))
48((16,16),(72,1),(91,31))
49((24,27),(15,10),(23,29))
50((29,46),(78,46),(100,50),(0,2),(61,22))
51((6,39),(75,10),(14,29),(37,19))
52((34,44),(20,13))
53((27,47))
54((46,31),(77,45),(28,7),(13,41))
55((35,49),(61,6))
56((29,9),(76,5))
57((30,8),(61,7))
58((30,28),(16,16),(8,50))
59((9,2),(92,47),(34,50))
60((28,28),(22,7))
61((57,7),(70,45),(55,6),(50,22))
62((34,30),(73,9),(1,46))
63((2,1),(80,39),(92,38),(40,14))
64((42,43),(22,34),(84,34))
65((28,32))
66((14,33),(94,2),(44,2))
67((16,29),(15,35))
68((11,28),(30,26),(71,18))
69((21,44))
70((61,45),(29,15),(34,25),(15,50))
71((6,24),(21,12),(68,18))
72((22,21),(79,23),(48,1),(16,15),(47,10))
73((62,9),(89,42))
74((11,45),(78,34),(8,43))
75((44,34),(40,23),(51,10),(34,27))
76((13,38),(87,26),(56,5),(45,33))
77((54,45),(96,24),(81,49),(35,31))
78((74,34),(50,46),(85,3),(35,11))
79((72,23),(87,45),(40,13))
80((28,16),(40,28),(63,39),(18,34),(13,49))
81((35,31),(77,49),(8,6))
82((5,36),(19,26))
83((45,5))
84((9,5),(64,34))
85((32,12),(78,3))
86((20,27))
87((76,26),(40,9),(79,45))
88((3,30),(21,4),(6,33))
89((34,50),(34,26),(9,48),(73,42))
90((33,35),(3,49))
91((33,43),(48,31),(97,25))
92((18,39),(59,47),(10,3),(63,38))
93((23,43),(12,42))
94((47,23),(66,2),(19,15))
95((22,42),(99,20),(18,45))
96((77,24))
97((3,45),(91,25))
98((37,19),(38,27),(6,22),(36,12),(40,30))
99((38,39),(27,44),(95,20),(34,8))
100((50,50))
