0((1,10),(2,44),(3,45),(8,5),(20,43),(83,25))
1((0,10),(5,24),(51,49),(4,2))
2((0,44),(6,2),(17,2),(21,12),(37,48))
3((0,45),(4,26),(10,9),(30,47),(31,33),(47,29),(56,32),(44,5),(80,21))
4((3,26),(7,31),(11,24),(15,2),(39,18),(54,45),(83,11),(72,48),(49,26),(1,2),(33,2),(78,44))
5((1,24),(86,47),(63,13),(73,10),(11,3),(34,37))
6((2,2),(18,25),(28,41),(79,12))
7((4,31),(36,47),(57,33),(80,3))
8((0,5),(9,32),(22,35),(48,31),(35,19))
9((8,32),(12,7),(34,42),(87,48))
10((3,9),(27,16))
11((4,24),(13,7),(16,29),(20,26),(5,3),(73,38))
12((9,7),(14,27),(88,20),(67,8))
13((11,7),(19,18),(20,30),(36,10))
14((12,27),(23,44),(26,34),(51,37),(57,33),(18,11))
15((4,2),(78,17),(37,23),(74,33),(58,38),(48,34))
16((11,29),(61,19),(49,4),(31,25))
17((2,2),(37,45),(66,35),(71,20),(78,45),(59,34),(56,40))
18((6,25),(24,7),(86,19),(76,4),(56,35),(78,16),(14,11),(70,37))
19((13,18))
20((11,26),(76,19),(13,30),(75,26),(0,43),(78,12))
21((2,12),(40,32),(50,50),(52,23))
22((8,35),(32,43),(45,15),(57,9))
23((14,44),(25,5),(33,42),(42,16),(43,2))
24((18,7),(56,30),(57,41),(41,39),(37,17))
25((23,5),(67,22),(75,26),(54,33),(56,16))
26((14,34),(29,32),(80,47),(81,35),(84,1))
27((10,16))
28((6,41),(41,34),(85,11),(72,47))
29((26,32),(44,48),(61,2),(89,46))
30((3,47),(87,5),(31,2),(57,38))
31((3,33),(72,39),(30,2),(52,36),(16,25))
32((22,43))
33((23,42),(35,35),(68,15),(64,8),(4,2))
34((9,42),(5,37))
35((33,35),(67,5),(8,19),(42,3))
36((7,47),(53,30),(68,27),(13,10),(65,24))
37((17,45),(38,4),(15,23),(24,17),(2,48))
38((37,4),(46,50))
39((4,18),(82,6))
40((21,32),(62,24),(50,49))
41((28,34),(55,38),(82,25),(24,39),(89,33))
42((23,16),(48,3),(35,3))
43((23,2),(58,33))
44((29,48),(63,21),(56,6),(67,1),(3,5))
45((22,15),(86,48))
46((38,50),(52,14))
47((3,29),(49,15),(60,6),(69,37),(67,12))
48((8,31),(42,3),(15,34))
49((47,15),(4,26),(16,4),(86,10))
50((21,50),(40,49))
51((14,37),(59,7),(1,49),(89,10))
52((46,14),(21,23),(70,42),(31,36))
53((36,30))
54((4,45),(25,33))
55((41,38))
56((3,32),(65,4),(44,6),(24,30),(25,16),(18,35),(17,40))
57((14,33),(72,12),(24,41),(7,33),(22,9),(30,38))
58((43,33),(67,15),(15,38))
59((51,7),(17,34))
60((47,6),(64,15))
61((16,19),(70,2),(29,2))
62((40,24))
63((44,21),(5,13))
64((60,15),(74,21),(33,8))
65((56,4),(36,24))
66((17,35),(71,47))
67((25,22),(73,48),(35,5),(58,15),(44,1),(47,12),(12,8))
68((36,27),(33,15))
69((47,37),(79,34))
70((61,2),(52,42),(18,37),(89,10))
71((17,20),(66,47))
72((31,39),(4,48),(57,12),(28,47))
73((67,48),(5,10),(11,38))
74((64,21),(86,14),(15,33))
75((25,26),(77,48),(20,26),(88,8))
76((20,19),(18,4))
77((75,48))
78((17,45),(15,17),(85,43),(4,44),(18,16),(20,12))
79((69,34),(6,12))
80((26,47),(87,1),(7,3),(3,21))
81((26,35))
82((41,25),(39,6))
83((4,11),(0,25))
84((26,1))
85((28,11),(78,43))
86((5,47),(74,14),(18,19),(45,48),(49,10))
87((80,1),(30,5),(9,48))
88((12,20),(75,8))
89((51,10),(41,33),(70,10),(29,46))
