0((1,23),(3,41),(5,6),(6,32),(39,27),(41,11),(58,20))
1((0,23),(2,34),(7,37),(8,9),(9,4),(12,35),(30,34))
2((1,34),(19,17),(31,46),(49,22))
3((0,41),(4,18),(53,36))
4((3,18),(11,30),(15,40))
5((0,6),(21,39),(60,40),(60,27))
6((0,32),(10,33),(14,38),(24,23),(52,12),(60,15),(42,37))
7((1,37),(13,44),(51,47),(47,46),(21,26),(13,3))
8((1,9),(40,50),(19,44),(54,31),(21,4))
9((1,4),(24,36),(15,5))
10((6,33),(17,41),(33,24),(57,14))
11((4,30),(20,20),(25,19),(49,22),(25,11),(56,43))
12((1,35),(22,46),(60,18),(28,9),(51,19))
13((7,44),(18,44),(36,22),(38,36),(56,43),(7,3))
14((6,38),(16,6))
15((4,40),(34,16),(55,7),(45,19),(9,5))
16((14,6),(26,10),(37,7),(60,12),(56,22))
17((10,41),(23,7),(43,37),(51,2),(57,20),(40,36))
18((13,44),(28,3),(42,32),(28,30))
19((2,17),(27,7),(8,44))
20((11,20),(35,46),(27,34))
21((5,39),(8,4),(7,26),(30,6))
22((12,46),(58,34))
23((17,7),(32,37))
24((6,23),(9,36),(34,27))
25((11,19),(41,48),(11,11),(45,24))
26((16,10),(29,46),(53,19),(57,15),(60,45))
27((19,7),(45,2),(50,7),(45,37),(20,34))
28((18,3),(12,9),(18,30))
29((26,46))
30((1,34),(32,24),(21,6))
31((2,46),(34,4),(54,28))
32((23,37),(54,34),(30,24))
33((10,24),(47,30))
34((15,16),(41,37),(31,4),(39,1),(40,23),(24,27))
35((20,46),(46,21),(41,38),(42,4))
36((13,22),(57,35))
37((16,7),(44,48))
38((13,36))
39((0,27),(46,22),(52,37),(34,1),(52,36))
40((8,50),(48,41),(17,36),(34,23))
41((34,37),(25,48),(0,11),(35,38))
42((18,32),(6,37),(35,4))
43((17,37),(50,49))
44((37,48))
45((27,2),(27,37),(15,19),(25,24))
46((39,22),(35,21))
47((33,30),(7,46))
48((40,41),(53,11),(56,26))
49((11,22),(2,22))
50((43,49),(27,7))
51((7,47),(59,41),(17,2),(12,19))
52((6,12),(39,37),(39,36))
53((26,19),(54,36),(3,36),(48,11))
54((53,36),(32,34),(31,28),(8,31),(59,37))
55((15,7))
56((13,43),(16,22),(48,26),(11,43))
57((36,35),(17,20),(10,14),(26,15))
58((22,34),(0,20))
59((51,41),(54,37))
60((12,18),(5,40),(5,27),(6,15),(16,12),(26,45))
