0((1,4),(2,38),(8,3),(11,49),(31,37),(38,24),(7,47),(19,50))
1((0,4),(4,30),(6,35),(13,38),(43,31),(51,10),(15,48))
2((0,38),(3,11),(5,11),(25,33),(32,25),(19,44))
3((2,11),(12,2),(18,29),(20,7),(45,43),(52,36),(57,9))
4((1,30),(16,35),(29,10),(61,15))
5((2,11),(7,11),(14,49),(17,40),(34,43),(50,10),(54,36))
6((1,35),(38,34),(67,31),(65,20))
7((5,11),(9,38),(10,29),(21,43),(30,18),(0,47))
8((0,3),(61,42),(61,12))
9((7,38),(41,41),(53,18),(66,41),(53,16))
10((7,29),(44,38),(26,22),(17,39))
11((0,49),(15,14),(63,37),(70,35),(34,26))
12((3,2),(35,21),(54,50))
13((1,38),(23,38),(46,30),(23,29),(14,8),(69,33),(62,50))
14((5,49),(37,37),(13,8),(15,45))
15((11,14),(61,1),(1,48),(14,45))
16((4,35),(44,46),(48,39),(31,11),(40,14))
17((5,40),(33,48),(71,22),(10,39),(41,45),(28,1))
18((3,29),(19,6),(22,2))
19((18,6),(2,44),(58,20),(70,36),(0,50))
20((3,7))
21((7,43),(24,1),(34,45))
22((18,2),(39,9),(67,6))
23((13,38),(36,13),(13,29),(73,24))
24((21,1),(26,1),(37,15),(41,1),(30,21),(45,2),(25,35))
25((2,33),(27,9),(28,43),(68,26),(60,32),(24,35))
26((24,1),(42,28),(10,22),(39,2))
27((25,9),(35,46))
28((25,43),(69,32),(17,1))
29((4,10),(51,42),(32,35))
30((7,18),(56,2),(60,15),(24,21))
31((0,37),(54,18),(35,23),(16,11))
32((2,25),(51,9),(29,35))
33((17,48),(40,11),(64,25))
34((5,43),(21,45),(61,37),(11,26))
35((27,46),(67,12),(31,23),(12,21))
36((23,13),(47,43),(47,36),(69,1))
37((24,15),(42,18),(64,30),(14,37),(38,16),(39,28))
38((6,34),(49,12),(0,24),(37,16))
39((22,9),(62,13),(37,28),(26,2))
40((33,11),(16,14))
41((9,41),(24,1),(17,45))
42((37,18),(57,9),(26,28))
43((1,31),(70,2),(70,32))
44((16,46),(63,2),(10,38))
45((3,43),(24,2))
46((13,30),(59,45),(60,15))
47((36,43),(55,2),(36,36),(48,43))
48((16,39),(47,43))
49((38,12),(66,27))
50((5,10),(56,17))
51((32,9),(58,21),(29,42),(1,10))
52((3,36))
53((9,18),(64,27),(68,38),(9,16))
54((31,18),(5,36),(12,50))
55((47,2),(65,15))
56((30,2),(50,17),(61,31),(63,49))
57((42,9),(3,9))
58((51,21),(19,20))
59((46,45))
60((46,15),(25,32),(30,15),(66,35))
61((8,42),(15,1),(4,15),(8,12),(34,37),(56,31))
62((39,13),(73,50),(13,50))
63((11,37),(44,2),(56,49))
64((33,25),(53,27),(37,30))
65((55,15),(6,20))
66((9,41),(72,20),(60,35),(49,27))
67((35,12),(22,6),(6,31))
68((25,26),(72,47),(53,38))
69((28,32),(13,33),(36,1))
70((43,2),(11,35),(43,32),(19,36))
71((17,22))
72((68,47),(66,20))
73((62,50),(23,24))
